Frequency	Imp. Mag	Imp. Angle
+1.00000000000000E+001	+1.79862157961384E+001	+4.80774941264680E+000
+1.01617423417667E+001	+1.79887966945288E+001	+4.85551727553731E+000
+1.03261007420454E+001	+1.79917638984013E+001	+4.89927059498546E+000
+1.04931175135791E+001	+1.79979314518954E+001	+4.94415511519439E+000
+1.06628356534870E+001	+1.79974690935067E+001	+4.97828887342681E+000
+1.08352988543338E+001	+1.80020224268555E+001	+5.02341447726147E+000
+1.10105515153780E+001	+1.80071834387706E+001	+5.05788359297217E+000
+1.11886387540020E+001	+1.80088310263229E+001	+5.10787735838536E+000
+1.13696064173274E+001	+1.80123871637132E+001	+5.15585156833549E+000
+1.15535010940178E+001	+1.80170040213864E+001	+5.20457084051473E+000
+1.17403701262728E+001	+1.80207500691016E+001	+5.23321448676142E+000
+1.19302616220159E+001	+1.80242287632525E+001	+5.28359566290802E+000
+1.21232244672793E+001	+1.80239989042497E+001	+5.32502855435327E+000
+1.23193083387894E+001	+1.80319261906064E+001	+5.37354924560167E+000
+1.25185637167555E+001	+1.80346635929436E+001	+5.43900325785180E+000
+1.27210418978659E+001	+1.80381401400859E+001	+5.49158598315308E+000
+1.29267950084932E+001	+1.80400070122538E+001	+5.54646803856517E+000
+1.31358760181143E+001	+1.80386118905736E+001	+5.60824706988375E+000
+1.33483387529470E+001	+1.80451531482520E+001	+5.64921233689765E+000
+1.35642379098066E+001	+1.80452380946593E+001	+5.69574271419851E+000
+1.37836290701879E+001	+1.80469523393992E+001	+5.75982814844495E+000
+1.40065687145734E+001	+1.80513010213931E+001	+5.81021786509307E+000
+1.42331142369745E+001	+1.80540806314982E+001	+5.86428237196227E+000
+1.44633239597066E+001	+1.80555673045683E+001	+5.92322055918102E+000
+1.46972571484039E+001	+1.80569170801058E+001	+5.99288512424335E+000
+1.49349740272769E+001	+1.80599301260146E+001	+6.05803329171317E+000
+1.51765357946165E+001	+1.80629252564425E+001	+6.13401511553806E+000
+1.54220046385492E+001	+1.80661312677112E+001	+6.18719647050398E+000
+1.56714437530468E+001	+1.80692773116190E+001	+6.26416353419248E+000
+1.59249173541951E+001	+1.80689209150399E+001	+6.30998269410668E+000
+1.61824906967259E+001	+1.80718353537687E+001	+6.38729813803649E+000
+1.64442300908165E+001	+1.80709970323149E+001	+6.46310435990538E+000
+1.67102029191604E+001	+1.80751259612325E+001	+6.55795763007677E+000
+1.69804776543145E+001	+1.80755224670033E+001	+6.60477650586211E+000
+1.72551238763271E+001	+1.80792625531053E+001	+6.70898220031581E+000
+1.75342122906502E+001	+1.80779523208506E+001	+6.75425011680572E+000
+1.78178147463426E+001	+1.80802247924519E+001	+6.87683451590864E+000
+1.81060042545664E+001	+1.80603624820051E+001	+7.02359766768283E+000
+1.83988550073835E+001	+1.80773845855367E+001	+7.01925894372950E+000
+1.86964423968555E+001	+1.80759356541389E+001	+7.03771691274328E+000
+1.89988430344528E+001	+1.80898808875961E+001	+7.16094716599947E+000
+1.93061347707778E+001	+1.80923799896463E+001	+7.27251638099953E+000
+1.96183967156067E+001	+1.80911251469068E+001	+7.41070068885721E+000
+1.99357092582557E+001	+1.80951239132147E+001	+7.52349459546538E+000
+2.02581540882767E+001	+1.81003176788980E+001	+7.61977881522936E+000
+2.05858142164875E+001	+1.80950226876838E+001	+7.68080175425246E+000
+2.09187739963423E+001	+1.80913428052428E+001	+7.80198048822909E+000
+2.12571191456480E+001	+1.80942445219390E+001	+7.95583069689852E+000
+2.16009367686310E+001	+1.81001404483856E+001	+8.02051001002445E+000
+2.19503153783622E+001	+1.80949263864071E+001	+8.17176114785893E+000
+2.23053449195436E+001	+1.81033089624186E+001	+8.26911916478968E+000
+2.26661167916636E+001	+1.80925335556432E+001	+8.37724920911423E+000
+2.30327238725277E+001	+1.81022223802791E+001	+8.52398732279149E+000
+2.34052605421685E+001	+1.81002455876337E+001	+8.65349647281680E+000
+2.37838227071435E+001	+1.80996648653935E+001	+8.77826774290558E+000
+2.41685078252252E+001	+1.81108879822205E+001	+8.90995480429572E+000
+2.45594149304910E+001	+1.81020067181751E+001	+9.10907702442404E+000
+2.49566446588187E+001	+1.81027317875691E+001	+9.17617703706919E+000
+2.53602992737943E+001	+1.81113809509589E+001	+9.34176225061759E+000
+2.57704826930390E+001	+1.81103621622377E+001	+9.52839854770786E+000
+2.61873005149620E+001	+1.81108693276652E+001	+9.66101051327452E+000
+2.66108600459458E+001	+1.81153106240317E+001	+9.80162276330654E+000
+2.70412703279715E+001	+1.81174145055236E+001	+9.95094088606072E+000
+2.74786421666906E+001	+1.81267258465669E+001	+1.01355353599474E+001
+2.79230881599516E+001	+1.81212214964910E+001	+1.03015281027503E+001
+2.83747227267864E+001	+1.81244543085231E+001	+1.04801372725863E+001
+2.88336621368674E+001	+1.81281603282556E+001	+1.06725445609521E+001
+2.93000245404400E+001	+1.81391575636154E+001	+1.08965424221986E+001
+2.97739299987392E+001	+1.81464743584362E+001	+1.10689681580549E+001
+3.02555005148986E+001	+1.81420531197326E+001	+1.12641042153252E+001
+3.07448600653588E+001	+1.81523507742398E+001	+1.14789935245606E+001
+3.12421346317848E+001	+1.81574633131127E+001	+1.16236285317976E+001
+3.17474522334983E+001	+1.81605799375852E+001	+1.18485813037367E+001
+3.22609429604355E+001	+1.81618213000545E+001	+1.20810858927951E+001
+3.27827390066377E+001	+1.81773117321802E+001	+1.22758261086331E+001
+3.33129747042836E+001	+1.81804899617154E+001	+1.25246891763825E+001
+3.38517865582721E+001	+1.81819315332405E+001	+1.27687212721111E+001
+3.43993132813642E+001	+1.81895281252438E+001	+1.29463625273566E+001
+3.49556958298935E+001	+1.82026058295684E+001	+1.31721706820386E+001
+3.55210774400546E+001	+1.82120647205367E+001	+1.34585844367568E+001
+3.60956036647776E+001	+1.82222055975107E+001	+1.36418386792387E+001
+3.66794224111999E+001	+1.82366306306991E+001	+1.39347404865706E+001
+3.72726839787436E+001	+1.82406204742598E+001	+1.41449425027423E+001
+3.78755410978087E+001	+1.82523621214165E+001	+1.44186807654817E+001
+3.84881489690927E+001	+1.82655650322534E+001	+1.47105574610859E+001
+3.91106653035453E+001	+1.82767056785397E+001	+1.49712159779257E+001
+3.97432503629701E+001	+1.82874783261047E+001	+1.52104344593651E+001
+4.03860670012827E+001	+1.82910072383364E+001	+1.54973791796908E+001
+4.10392807064361E+001	+1.83104568379978E+001	+1.58057860336022E+001
+4.17030596430240E+001	+1.83307486927776E+001	+1.60679642107823E+001
+4.23775746955738E+001	+1.83441262066521E+001	+1.63789926035985E+001
+4.30629995125393E+001	+1.83553185736985E+001	+1.67147786918414E+001
+4.37595105510048E+001	+1.83725083750879E+001	+1.69926253357273E+001
+4.44672871221131E+001	+1.83914472443312E+001	+1.73195001422888E+001
+4.51865114372273E+001	+1.84097063182893E+001	+1.76794381400475E+001
+4.59173686548397E+001	+1.84295125054888E+001	+1.79679346611219E+001
+4.66600469282395E+001	+1.84465965505675E+001	+1.83156073853017E+001
+4.74147374539511E+001	+1.84625670913623E+001	+1.86512788304533E+001
+4.81816345209566E+001	+1.84929583895741E+001	+1.89423232646800E+001
+4.89609355607132E+001	+1.85096936668153E+001	+1.93773218104719E+001
+4.97528411979809E+001	+1.85349193478535E+001	+1.96831110121581E+001
+5.05575553024716E+001	+1.85659615223373E+001	+2.00648891825177E+001
+5.13752850413336E+001	+1.85926649456775E+001	+2.04151016908443E+001
+5.22062409324852E+001	+1.86262962671352E+001	+2.08924384195039E+001
+5.30506368988108E+001	+1.86426158790534E+001	+2.12377642760248E+001
+5.39086903232335E+001	+1.86793487076657E+001	+2.16124682367248E+001
+5.47806221046790E+001	+1.87076108202396E+001	+2.20503530298864E+001
+5.56666567149436E+001	+1.87462259016173E+001	+2.24176794296661E+001
+5.65670222564833E+001	+1.87678310781114E+001	+2.28020923193278E+001
+5.74819505211364E+001	+1.87956264235636E+001	+2.32826074023540E+001
+5.84116770497969E+001	+1.88316208412254E+001	+2.38063665894050E+001
+5.93564411930522E+001	+1.88794852288413E+001	+2.42589276611683E+001
+6.03164861728023E+001	+1.89216635727849E+001	+2.46922642666941E+001
+6.12920591448749E+001	+1.89589539174159E+001	+2.51428005882372E+001
+6.22834112626543E+001	+1.90027330481261E+001	+2.55598444545644E+001
+6.32907977417382E+001	+1.90444968885655E+001	+2.61290097499855E+001
+6.43144779256412E+001	+1.91025588098269E+001	+2.66953398405100E+001
+6.53547153525606E+001	+1.91405874583950E+001	+2.72051445739783E+001
+6.64117778232225E+001	+1.92084917799467E+001	+2.77066879052911E+001
+6.74859374698241E+001	+1.92669588639445E+001	+2.82755860085349E+001
+6.85774708260930E+001	+1.93173840616552E+001	+2.88498595955039E+001
+6.96866588984778E+001	+1.93813030250918E+001	+2.94407664729314E+001
+7.08137872384914E+001	+1.94559709383118E+001	+3.00575459649882E+001
+7.19591460162235E+001	+1.95246461173996E+001	+3.07327712932988E+001
+7.31230300950429E+001	+1.96014197660464E+001	+3.13121930520400E+001
+7.43057391075077E+001	+1.96765536239526E+001	+3.19062610080510E+001
+7.55075775325029E+001	+1.97610941575760E+001	+3.25386273934085E+001
+7.67288547736265E+001	+1.98383957312796E+001	+3.31846116409877E+001
+7.79698852388427E+001	+1.99202601965312E+001	+3.39024644722806E+001
+7.92309884214237E+001	+2.00256618259117E+001	+3.46651721935246E+001
+8.05124889822006E+001	+2.01247479685830E+001	+3.53819737252505E+001
+8.18147168331452E+001	+2.02257975429381E+001	+3.60702724084713E+001
+8.31380072223022E+001	+2.03181500299076E+001	+3.69494420563177E+001
+8.44827008200972E+001	+2.04441526845526E+001	+3.78145631765313E+001
+8.58491438070388E+001	+2.05731529263760E+001	+3.87433137314201E+001
+8.72376879628403E+001	+2.07227666507218E+001	+3.96851703942303E+001
+8.86486907569824E+001	+2.08727819067087E+001	+4.06733396249617E+001
+9.00825154407409E+001	+2.10498542849710E+001	+4.15521833477093E+001
+9.15395311407027E+001	+2.12264430488671E+001	+4.25948555391827E+001
+9.30201129537948E+001	+2.14230609254232E+001	+4.36495288436131E+001
+9.45246420438496E+001	+2.16471548688383E+001	+4.46343857291922E+001
+9.60535057397325E+001	+2.18886557581920E+001	+4.57278033032138E+001
+9.76070976350569E+001	+2.21489773335461E+001	+4.68144150104403E+001
+9.91858176895112E+001	+2.24359151644490E+001	+4.78644774749247E+001
+1.00790072331826E+002	+2.27905982154345E+001	+4.86986098937620E+001
+1.02420274564404E+002	+2.30873209720706E+001	+4.90336590973632E+001
+1.04076844069647E+002	+2.33301738497814E+001	+5.01842926698845E+001
+1.05760207317998E+002	+2.37552664015234E+001	+5.16793528761450E+001
+1.07470797677732E+002	+2.41983829674961E+001	+5.21877191932850E+001
+1.09209055526525E+002	+2.45813806865779E+001	+5.29060398241160E+001
+1.10975428364824E+002	+2.50248022706744E+001	+5.38668697525810E+001
+1.12770370931053E+002	+2.55165496803208E+001	+5.52217712533422E+001
+1.14594345318681E+002	+2.61912550323211E+001	+5.63906117246237E+001
+1.16447821095188E+002	+2.69638567740326E+001	+5.66429749244683E+001
+1.18331275422944E+002	+2.76353135891527E+001	+5.58889648352318E+001
+1.20245193182059E+002	+2.82395742579130E+001	+5.70800525895170E+001
+1.22190067095204E+002	+2.95290808605755E+001	+5.83668299392752E+001
+1.24166397854464E+002	+3.06907106839674E+001	+5.40841983271949E+001
+1.26174694250236E+002	+3.15227795398126E+001	+5.24601398524220E+001
+1.28215473302209E+002	+3.27470584957295E+001	+5.21440873691660E+001
+1.30289260392471E+002	+3.52131935551992E+001	+5.06231211456896E+001
+1.32396589400763E+002	+3.75271602721495E+001	+3.83278444985355E+001
+1.34538002841924E+002	+3.94250484650477E+001	+1.81053690798674E+001
+1.36714052005550E+002	+3.98037879021735E+001	-6.58909102202187E+000
+1.38925297097929E+002	+3.89056418133422E+001	-3.14058582071900E+001
+1.41172307386254E+002	+3.62740794931042E+001	-4.71160718983792E+001
+1.43455661345180E+002	+3.40317533741878E+001	-5.46536315313931E+001
+1.45775946805746E+002	+3.23639643411690E+001	-5.95949066073341E+001
+1.48133761106707E+002	+3.02630598452843E+001	-6.10656878897341E+001
+1.50529711248318E+002	+2.87688819120323E+001	-5.88051684587281E+001
+1.52964414048594E+002	+2.80126048912262E+001	-5.57817449068833E+001
+1.55438496302113E+002	+2.72673370603543E+001	-5.67049652682614E+001
+1.57952594941372E+002	+2.63538180155263E+001	-5.59461654780185E+001
+1.60507357200766E+002	+2.54829276340367E+001	-5.56925798626838E+001
+1.63103440783210E+002	+2.48428349756379E+001	-5.35413931519620E+001
+1.65741514029458E+002	+2.42254992961807E+001	-5.28206086984264E+001
+1.68422256090166E+002	+2.34446525400456E+001	-5.07534782455197E+001
+1.71146357100731E+002	+2.30016280741677E+001	-4.80167045168735E+001
+1.73914518358962E+002	+2.26596757729124E+001	-4.61776840534368E+001
+1.76727452505622E+002	+2.22922258087444E+001	-4.51172677348538E+001
+1.79585883707894E+002	+2.18866670509594E+001	-4.40074733248786E+001
+1.82490547845809E+002	+2.13968299032893E+001	-4.18809890206373E+001
+1.85442192701696E+002	+2.11100644799220E+001	-3.93575788262958E+001
+1.88441578152688E+002	+2.09931752402614E+001	-3.75329518458092E+001
+1.91489476366350E+002	+2.07598921054749E+001	-3.63264733842480E+001
+1.94586671999467E+002	+2.05221017715169E+001	-3.49924181252692E+001
+1.97733962400045E+002	+2.03093188058130E+001	-3.28578192951735E+001
+2.00932157812583E+002	+2.01814299169567E+001	-3.16757484927575E+001
+2.04182081586668E+002	+2.00665038762503E+001	-3.01784944892145E+001
+2.07484570388930E+002	+1.98603319008371E+001	-2.94431545851030E+001
+2.10840474418446E+002	+1.96537759007951E+001	-2.76819853300510E+001
+2.14250657625609E+002	+1.96180644319332E+001	-2.54897592576886E+001
+2.17715997934551E+002	+1.96070606282281E+001	-2.46102485403593E+001
+2.21237387469152E+002	+1.95562888889147E+001	-2.40638195110307E+001
+2.24815732782712E+002	+1.94019826202596E+001	-2.33187312860922E+001
+2.28451955091338E+002	+1.92974616634955E+001	-2.17511101152673E+001
+2.32146990511103E+002	+1.92040321643736E+001	-2.10892370080613E+001
+2.35901790299039E+002	+1.91846947070301E+001	-1.95804028466800E+001
+2.39717321098031E+002	+1.91026144339576E+001	-1.90784902453529E+001
+2.43594565185673E+002	+1.90303164890511E+001	-1.85156501623613E+001
+2.47534520727150E+002	+1.88776383107968E+001	-1.73228366220602E+001
+2.51538202032201E+002	+1.88188664356617E+001	-1.60146856444947E+001
+2.55606639816247E+002	+1.87656143734292E+001	-1.49569283319900E+001
+2.59740881465746E+002	+1.87212814684133E+001	-1.37563313727646E+001
+2.63941991307827E+002	+1.87216247407453E+001	-1.29153127507497E+001
+2.68211050884297E+002	+1.86925025383248E+001	-1.21280775535965E+001
+2.72549159230069E+002	+1.86365372154263E+001	-1.12408689799169E+001
+2.76957433156110E+002	+1.86046404502403E+001	-1.01664344945268E+001
+2.81437007536946E+002	+1.86008140011178E+001	-9.44615124959896E+000
+2.85989035602829E+002	+1.85536009814205E+001	-8.41319044728327E+000
+2.90614689236629E+002	+1.85651373796004E+001	-7.51574287334872E+000
+2.95315159275522E+002	+1.85867254238476E+001	-6.65832229410693E+000
+3.00091655817564E+002	+1.85809933452608E+001	-6.10669360518411E+000
+3.04945408533221E+002	+1.85668967150362E+001	-5.51226626408767E+000
+3.09877666981937E+002	+1.85362309031370E+001	-4.71046369587313E+000
+3.14889700933823E+002	+1.85333292073457E+001	-3.94538196801576E+000
+3.19982800696547E+002	+1.85217302942994E+001	-3.07772771608983E+000
+3.25158277447519E+002	+1.85127795640570E+001	-2.39687001604866E+000
+3.30417463571437E+002	+1.85320494064580E+001	-1.56668526603415E+000
+3.35761713003303E+002	+1.85223572285819E+001	-8.02449014517708E-001
+3.41192401576977E+002	+1.85401730860212E+001	-6.97810537967249E-002
+3.46710927379383E+002	+1.85552330634522E+001	+6.52074984235600E-001
+3.52318711110427E+002	+1.85600928656466E+001	+1.35960008232171E+000
+3.58017196448748E+002	+1.86108674050534E+001	+2.22205905992841E+000
+3.63807850423385E+002	+1.86532304429138E+001	+2.62018552509049E+000
+3.69692163791442E+002	+1.86362808862262E+001	+3.13216134386446E+000
+3.75671651421885E+002	+1.86374811755011E+001	+3.96583211673560E+000
+3.81747852685518E+002	+1.86726105320340E+001	+4.63357849952778E+000
+3.87922331851293E+002	+1.87105941918551E+001	+5.29337877175168E+000
+3.94196678489015E+002	+1.87383276260842E+001	+5.98029446274936E+000
+4.00572507878561E+002	+1.87627876839524E+001	+6.45790327484842E+000
+4.07051461425724E+002	+1.87834008171033E+001	+7.08484043628758E+000
+4.13635207084779E+002	+1.87905843259729E+001	+7.77760231112426E+000
+4.20325439787883E+002	+1.88283582280581E+001	+8.43917115017988E+000
+4.27123881881423E+002	+1.88644047496852E+001	+9.18161512498607E+000
+4.34032283569420E+002	+1.88947338074690E+001	+9.75755044315017E+000
+4.41052423364106E+002	+1.89050205869127E+001	+1.04670382868661E+001
+4.48186108543784E+002	+1.89560813344719E+001	+1.12880401948349E+001
+4.55435175618101E+002	+1.89665879657656E+001	+1.21911416603749E+001
+4.62801490800840E+002	+1.90231965618983E+001	+1.31070110184154E+001
+4.70286950490363E+002	+1.90708343496991E+001	+1.42014321509508E+001
+4.77893481757826E+002	+1.91398931105740E+001	+1.55428352305780E+001
+4.85623042843280E+002	+1.92402037129042E+001	+1.72002190560196E+001
+4.93477623659813E+002	+1.94798010062138E+001	+1.92389435175626E+001
+5.01459246305832E+002	+1.98232568240810E+001	+2.07791010358717E+001
+5.09569965585639E+002	+2.02545801886389E+001	+2.31461356427333E+001
+5.17811869538417E+002	+2.13120861109118E+001	+2.46467364138354E+001
+5.26187079975790E+002	+2.28938458665252E+001	+2.03472388052187E+001
+5.34697753028055E+002	+2.37876948929456E+001	+3.08185301104814E+000
+5.43346079699269E+002	+2.05662898222831E+001	-1.48903647228910E+001
+5.52134286431300E+002	+1.92542895836673E+001	+8.07368956583386E+000
+5.61064635677007E+002	+1.90848574921959E+001	+5.22250878789823E+000
+5.70139426482694E+002	+1.94050604586575E+001	+8.20123006398089E+000
+5.79360995079976E+002	+1.94717554465113E+001	+1.02186126080800E+001
+5.88731715487227E+002	+1.95450105905091E+001	+1.14973285888763E+001
+5.98254000120749E+002	+1.95443934288808E+001	+1.21936762122169E+001
+6.07930300415830E+002	+1.95578581502148E+001	+1.29554084997785E+001
+6.17763107457848E+002	+1.95597815436557E+001	+1.40571907601946E+001
+6.27754952623577E+002	+1.96311858002927E+001	+1.48557055454789E+001
+6.37908408232874E+002	+1.97110178391676E+001	+1.54862983804120E+001
+6.48226088210898E+002	+1.97447142316104E+001	+1.57392815084408E+001
+6.58710648761046E+002	+1.97619003787993E+001	+1.66008230326271E+001
+6.69364789048773E+002	+1.98257295051808E+001	+1.70994252946579E+001
+6.80191251896463E+002	+1.98977789387777E+001	+1.75847339015210E+001
+6.91192824489558E+002	+1.99414015920813E+001	+1.79961215272408E+001
+7.02372339094084E+002	+1.99814068047696E+001	+1.86547227164558E+001
+7.13732673785806E+002	+2.00374545955296E+001	+1.91637595519436E+001
+7.25276753191156E+002	+2.01169297689593E+001	+1.95658733261492E+001
+7.37007549240163E+002	+2.02047311517192E+001	+1.97885893498357E+001
+7.48928081931547E+002	+2.02031031933531E+001	+2.00694722542229E+001
+7.61041420110189E+002	+2.02728583566668E+001	+2.06861644843125E+001
+7.73350682257196E+002	+2.03237698125452E+001	+2.11538031405480E+001
+7.85859037292710E+002	+2.03850212889658E+001	+2.16072486846816E+001
+7.98569705391733E+002	+2.04713298772429E+001	+2.21032001649867E+001
+8.11485958813132E+002	+2.05345486186277E+001	+2.23379676639127E+001
+8.24611122742053E+002	+2.05773824766883E+001	+2.26704919750373E+001
+8.37948576145968E+002	+2.06488043643627E+001	+2.31706081939099E+001
+8.51501752644558E+002	+2.06621499102269E+001	+2.37700053979434E+001
+8.65274141393675E+002	+2.07543405858540E+001	+2.45649133264528E+001
+8.79269287983591E+002	+2.08667591164991E+001	+2.55562728082988E+001
+8.93490795351790E+002	+2.10496998630084E+001	+2.66603920844973E+001
+9.07942324710507E+002	+2.13517413481406E+001	+2.75768734542137E+001
+9.22627596489282E+002	+2.17866432260770E+001	+2.78302678082172E+001
+9.37550391292757E+002	+2.23549457334121E+001	+2.63991148362287E+001
+9.52714550873953E+002	+2.27907578860249E+001	+2.18049395993715E+001
+9.68123979123307E+002	+2.24964186057634E+001	+1.51527538219530E+001
+9.83782643073695E+002	+2.14938677317633E+001	+1.33685456465305E+001
+9.99694573921710E+002	+2.09846016781228E+001	+1.64356489907926E+001
+1.01586386806546E+003	+2.08972726897294E+001	+1.90621460304122E+001
+1.03229468815917E+003	+2.09170046031084E+001	+2.06983089443767E+001
+1.04899126418479E+003	+2.09575029375792E+001	+2.16715203278906E+001
+1.06595789454099E+003	+2.09762785866487E+001	+2.25861356269516E+001
+1.08319894714976E+003	+2.10336945310155E+001	+2.35129987735309E+001
+1.10071886058088E+003	+2.11105196749563E+001	+2.40462140469234E+001
+1.11852214519460E+003	+2.11503678535477E+001	+2.44839016427405E+001
+1.13661338430276E+003	+2.11782448700676E+001	+2.50044114457206E+001
+1.15499723534881E+003	+2.11662419615798E+001	+2.57961489504409E+001
+1.17367843110675E+003	+2.12970555658338E+001	+2.69764563776683E+001
+1.19266178089957E+003	+2.14589250190755E+001	+2.75664054500798E+001
+1.21195217183740E+003	+2.16995585812542E+001	+2.74714790618338E+001
+1.23155457007562E+003	+2.17680465365537E+001	+2.47719614245039E+001
+1.25147402209337E+003	+2.13529927257309E+001	+2.72834678788554E+001
+1.27171565599272E+003	+2.15157556469569E+001	+2.77374887669037E+001
+1.29228468281889E+003	+2.15463901318173E+001	+2.82490334575670E+001
+1.31318639790172E+003	+2.15841886012377E+001	+2.91484068746627E+001
+1.33442618221900E+003	+2.17048335351847E+001	+3.01402088433388E+001
+1.35600950378168E+003	+2.19372294424712E+001	+3.05483890575130E+001
+1.37794191904164E+003	+2.20538365273301E+001	+2.86246598996799E+001
+1.40022907432206E+003	+2.17861330940574E+001	+3.03213660245377E+001
+1.42287670727113E+003	+2.18933272427972E+001	+3.11141374739204E+001
+1.44589064833906E+003	+2.19748118519486E+001	+3.19383481270684E+001
+1.46927682227915E+003	+2.20860189899377E+001	+3.26975716265523E+001
+1.49304124967304E+003	+2.22134943333268E+001	+3.33606038028053E+001
+1.51719004848068E+003	+2.23583812633650E+001	+3.39824847770331E+001
+1.54172943561531E+003	+2.25692420963622E+001	+3.44853670842387E+001
+1.56666572854402E+003	+2.28014582263738E+001	+3.37705510271253E+001
+1.59200534691405E+003	+2.26484009609006E+001	+3.25626272711616E+001
+1.61775481420554E+003	+2.27146812245826E+001	+3.55475845668126E+001
+1.64392075941093E+003	+2.29532673840964E+001	+3.49246523251224E+001
+1.67050991874153E+003	+2.31933133598293E+001	+3.62047685992197E+001
+1.69752913736171E+003	+2.35582942494489E+001	+3.52140341812024E+001
+1.72498537115111E+003	+2.36514672957910E+001	+3.34442208724543E+001
+1.75288568849544E+003	+2.36351988051136E+001	+3.23292480358379E+001
+1.78123727210609E+003	+2.33853773286925E+001	+3.10664803086582E+001
+1.81004742086934E+003	+2.33704567610626E+001	+3.29158833008842E+001
+1.83932355172536E+003	+2.34420686592802E+001	+3.34829272077112E+001
+1.86907320157763E+003	+2.35759349094158E+001	+3.42123776336643E+001
+1.89930402923328E+003	+2.38217417839720E+001	+3.40322695145004E+001
+1.93002381737478E+003	+2.38908465749678E+001	+3.24313517078107E+001
+1.96124047456355E+003	+2.33870658190091E+001	+3.11738930450939E+001
+1.99296203727590E+003	+2.37881063167151E+001	+3.62545189767239E+001
+2.02519667197201E+003	+2.41297176883074E+001	+3.61221949853784E+001
+2.05795267719829E+003	+2.45479834794135E+001	+3.35319949322944E+001
+2.09123848572380E+003	+2.40948863744558E+001	+2.87316268762892E+001
+2.12506266671116E+003	+2.34901282649920E+001	+3.56882800614018E+001
+2.15943392792264E+003	+2.40109839897875E+001	+3.54434277884590E+001
+2.19436111796190E+003	+2.41093320599070E+001	+3.68249929889568E+001
+2.22985322855199E+003	+2.45322718877233E+001	+3.80533677336882E+001
+2.26591939685019E+003	+2.50498608478783E+001	+3.68454554511172E+001
+2.30256890780030E+003	+2.51966568624208E+001	+3.39488595588265E+001
+2.33981119652298E+003	+2.52347047943041E+001	+3.05390359327976E+001
+2.37765585074473E+003	+2.45711158109536E+001	+3.07840358493630E+001
+2.41611261326620E+003	+2.51150384391753E+001	+3.51949752005693E+001
+2.45519138447036E+003	+2.53439744699963E+001	+3.03901645944824E+001
+2.49490222487133E+003	+2.52724708154042E+001	+3.05471551200264E+001
+2.53525535770429E+003	+2.52139567571949E+001	+2.53845785613114E+001
+2.57626117155745E+003	+2.47106463362897E+001	+2.74500403250221E+001
+2.61793022304647E+003	+2.47739884188799E+001	+2.76994792394178E+001
+2.66027323953220E+003	+2.47379883474709E+001	+2.90356000021292E+001
+2.70330112188232E+003	+2.46662940923203E+001	+2.89520625028842E+001
+2.74702494727769E+003	+2.43491382931927E+001	+2.76643154527460E+001
+2.79145597206411E+003	+2.42426771367881E+001	+2.99652403447057E+001
+2.83660563465014E+003	+2.42305856987659E+001	+3.30204369443553E+001
+2.88248555845182E+003	+2.42867373397808E+001	+3.25464267411185E+001
+2.92910755488509E+003	+2.44425951092970E+001	+3.40565293704732E+001
+2.97648362640644E+003	+2.46224432491087E+001	+3.36922678090553E+001
+3.02462596960296E+003	+2.43846687598571E+001	+3.46890704187330E+001
+3.07354697833215E+003	+2.46295240199093E+001	+3.57792235815448E+001
+3.12325924691268E+003	+2.49263722792079E+001	+3.71459138736398E+001
+3.17377557336669E+003	+2.52983913212985E+001	+3.54365451388975E+001
+3.22510896271451E+003	+2.48414405652817E+001	+3.23264440144841E+001
+3.27727263032273E+003	+2.52068346775260E+001	+3.73928223725037E+001
+3.33028000530635E+003	+2.52157629325850E+001	+3.52800860226246E+001
+3.38414473398605E+003	+2.49553781715120E+001	+3.54971116237103E+001
+3.43888068340128E+003	+2.49174616995621E+001	+3.62475222334010E+001
+3.49450194488023E+003	+2.51923345272726E+001	+3.71397176338578E+001
+3.55102283766755E+003	+2.52436004343410E+001	+3.67631880976449E+001
+3.60845791261068E+003	+2.50991844917798E+001	+3.68732242919424E+001
+3.66682195590589E+003	+2.51542293849389E+001	+3.78091733342379E+001
+3.72612999290486E+003	+2.53185366400748E+001	+3.89696103374125E+001
+3.78639729198281E+003	+2.54332974331121E+001	+3.93527674386876E+001
+3.84763936846924E+003	+2.55314546075343E+001	+3.89512048110916E+001
+3.90987198864223E+003	+2.56095831574178E+001	+3.98493159052026E+001
+3.97311117378733E+003	+2.57212298799821E+001	+3.94159782286432E+001
+4.03737320432210E+003	+2.57815290689287E+001	+4.03820855340036E+001
+4.10267462398741E+003	+2.58023730850589E+001	+3.97030884214533E+001
+4.16903224410645E+003	+2.59240364468816E+001	+4.09442117237668E+001
+4.23646314791271E+003	+2.60323910022751E+001	+4.05614100858927E+001
+4.30498469494787E+003	+2.60659107848388E+001	+4.06977218498816E+001
+4.37461452553093E+003	+2.61570715631591E+001	+4.11475283559645E+001
+4.44537056529952E+003	+2.61708725841102E+001	+4.11998677550265E+001
+4.51727102982474E+003	+2.62795629977707E+001	+4.17495701264303E+001
+4.59033442930060E+003	+2.63727133394846E+001	+4.19564954190126E+001
+4.66457957330934E+003	+2.64477097982765E+001	+4.22919429132335E+001
+4.74002557566374E+003	+2.65404833246983E+001	+4.24214824077261E+001
+4.81669185932792E+003	+2.66332284292945E+001	+4.25472379869629E+001
+4.89459816141754E+003	+2.67337376981310E+001	+4.26912984409163E+001
+4.97376453828100E+003	+2.68152348080126E+001	+4.29821853913531E+001
+5.05421137066276E+003	+2.69070108869922E+001	+4.28058118740578E+001
+5.13595936895024E+003	+2.69517248002030E+001	+4.30006831137831E+001
+5.21902957850549E+003	+2.70550863452203E+001	+4.31667931470065E+001
+5.30344338508320E+003	+2.71125058700890E+001	+4.32669060276838E+001
+5.38922252033623E+003	+2.71904094358309E+001	+4.33788594932386E+001
+5.47638906741032E+003	+2.72725693146806E+001	+4.35810121206706E+001
+5.56496546662916E+003	+2.73393389495353E+001	+4.37401773990823E+001
+5.65497452127149E+003	+2.74194243660689E+001	+4.39503898260603E+001
+5.74643940344163E+003	+2.74989442216945E+001	+4.39796160033807E+001
+5.83938366003493E+003	+2.75690206312993E+001	+4.41179337251337E+001
+5.93383121879974E+003	+2.76368746904520E+001	+4.43514029499284E+001
+6.02980639449743E+003	+2.77195452880319E+001	+4.45473890204319E+001
+6.12733389516200E+003	+2.77953387702160E+001	+4.47474124788055E+001
+6.22643882846098E+003	+2.78822224372395E+001	+4.49012439161044E+001
+6.32714670815921E+003	+2.79666346466381E+001	+4.50493687555217E+001
+6.42948346068711E+003	+2.80500043886139E+001	+4.52049773739804E+001
+6.53347543181528E+003	+2.81344181305077E+001	+4.53297106664597E+001
+6.63914939343696E+003	+2.82151873752580E+001	+4.54386036134044E+001
+6.74653255046029E+003	+2.82952495615725E+001	+4.55760450637633E+001
+6.85565254781195E+003	+2.83776067752014E+001	+4.57191126756887E+001
+6.96653747755414E+003	+2.84605118183456E+001	+4.58443311293875E+001
+7.07921588611663E+003	+2.85456993995721E+001	+4.59803618189077E+001
+7.19371678164587E+003	+2.86301583056455E+001	+4.60751747285084E+001
+7.31006964147283E+003	+2.87126830393429E+001	+4.61668540675907E+001
+7.42830441970176E+003	+2.87933945595340E+001	+4.62704542414649E+001
+7.54845155492159E+003	+2.88746824387240E+001	+4.63786156599640E+001
+7.67054197804213E+003	+2.89566631887325E+001	+4.64972293966331E+001
+7.79460712025695E+003	+2.90385631334474E+001	+4.66025579546575E+001
+7.92067892113511E+003	+2.91211942755809E+001	+4.66995336180227E+001
+8.04878983684374E+003	+2.92021122056265E+001	+4.68063302634871E+001
+8.17897284850364E+003	+2.92836526506067E+001	+4.69211770513438E+001
+8.31126147067994E+003	+2.93689546441087E+001	+4.70347952797033E+001
+8.44568976001024E+003	+2.94544471894363E+001	+4.71408760342954E+001
+8.58229232397213E+003	+2.95409647497237E+001	+4.72329847237166E+001
+8.72110432979268E+003	+2.96277084925779E+001	+4.73261531959379E+001
+8.86216151350190E+003	+2.97149554866106E+001	+4.74100636063252E+001
+9.00550018913273E+003	+2.98030233954237E+001	+4.74978030954160E+001
+9.15115725806979E+003	+2.98960533223787E+001	+4.75384847807535E+001
+9.29917021854932E+003	+2.99828218758628E+001	+4.75141867040728E+001
+9.44957717531284E+003	+3.00586280698736E+001	+4.74979842687718E+001
+9.60241684941685E+003	+3.01268452634502E+001	+4.75449831232412E+001
+9.75772858820129E+003	+3.02036882169059E+001	+4.76396424851580E+001
+9.91555237541923E+003	+3.02791080103901E+001	+4.77190310804967E+001
+1.00759288415303E+004	+3.03565141742313E+001	+4.78050765302256E+001
+1.02388992741606E+004	+3.04345896875337E+001	+4.79216456333247E+001
+1.04045056287322E+004	+3.05174139403375E+001	+4.80353241281334E+001
+1.05727905392638E+004	+3.06024949607242E+001	+4.81286738309991E+001
+1.07437973293467E+004	+3.06882005100249E+001	+4.82199514001617E+001
+1.09175700232982E+004	+3.07741948277219E+001	+4.83010535472779E+001
+1.10941533574952E+004	+3.08375395446795E+001	+4.82531644760500E+001
+1.12735927918912E+004	+3.09417404024258E+001	+4.83763717593921E+001
+1.14559345217196E+004	+3.10199834180257E+001	+4.84356599810406E+001
+1.16412254893865E+004	+3.11042826675035E+001	+4.86402738223967E+001
+1.18295133965552E+004	+3.11992055248663E+001	+4.86863896139132E+001
+1.20208467164272E+004	+3.13010285364365E+001	+4.87281926599906E+001
+1.22152747062205E+004	+3.14271061445190E+001	+4.87611073654213E+001
+1.24128474198512E+004	+3.14298581735422E+001	+4.86324480614438E+001
+1.26136157208191E+004	+3.15752864089094E+001	+4.88123261435379E+001
+1.28176312953022E+004	+3.17007831825330E+001	+4.87577556342121E+001
+1.30249466654626E+004	+3.18270872373694E+001	+4.84088248733268E+001
+1.32356152029684E+004	+3.18640902438908E+001	+4.77547671908101E+001
+1.34496911427335E+004	+3.18558771930510E+001	+4.77087613455655E+001
+1.36672295968799E+004	+3.18759575243107E+001	+4.80195814501851E+001
+1.38882865689261E+004	+3.19464233135701E+001	+4.82975162245383E+001
+1.41129189682046E+004	+3.20237392133511E+001	+4.84697377004378E+001
+1.43411846245127E+004	+3.21058697860726E+001	+4.86503360867588E+001
+1.45731423030004E+004	+3.21879913362260E+001	+4.87332876635930E+001
+1.48088517192990E+004	+3.22703604288152E+001	+4.89043061882758E+001
+1.50483735548945E+004	+3.23672632698984E+001	+4.90428828946184E+001
+1.52917694727493E+004	+3.24617249540140E+001	+4.90888181363684E+001
+1.55391021331772E+004	+3.25566940942093E+001	+4.91094670030285E+001
+1.57904352099744E+004	+3.26479160128975E+001	+4.90986683741424E+001
+1.60458334068120E+004	+3.27296248976084E+001	+4.90487068416489E+001
+1.63053624738936E+004	+3.28083009480913E+001	+4.90393854078206E+001
+1.65690892248818E+004	+3.28816312662220E+001	+4.90605978160346E+001
+1.68370815540991E+004	+3.29627310937656E+001	+4.90536071461979E+001
+1.71094084540068E+004	+3.30484654537646E+001	+4.89894789241153E+001
+1.73861400329661E+004	+3.31003357931195E+001	+4.89524457281884E+001
+1.76673475332877E+004	+3.31631165716472E+001	+4.90924367919443E+001
+1.79531033495717E+004	+3.32427291498442E+001	+4.92463516984034E+001
+1.82434810473456E+004	+3.33402210578113E+001	+4.93498478176492E+001
+1.85385553820029E+004	+3.34265202152407E+001	+4.93466027934293E+001
+1.88384023180486E+004	+3.35122527819302E+001	+4.93281125813322E+001
+1.91430990486550E+004	+3.35905353261793E+001	+4.91855315293986E+001
+1.94527240155351E+004	+3.36558890106960E+001	+4.92044213730634E+001
+1.97673569291364E+004	+3.37026453621552E+001	+4.92545045309703E+001
+2.00870787891620E+004	+3.37808067467529E+001	+4.93862902395972E+001
+2.04119719054231E+004	+3.38723825608476E+001	+4.95832786356065E+001
+2.07421199190290E+004	+3.39531792760491E+001	+4.97324735005593E+001
+2.10776078239199E+004	+3.40522574737185E+001	+4.98062211497948E+001
+2.14185219887480E+004	+3.41433142909262E+001	+4.98076350677841E+001
+2.17649501791121E+004	+3.42247382602135E+001	+4.97418154537284E+001
+2.21169815801526E+004	+3.43140232662682E+001	+4.97948520786103E+001
+2.24747068195110E+004	+3.43905532319831E+001	+4.96555742838145E+001
+2.28382179906617E+004	+3.44492243545967E+001	+4.96860477655334E+001
+2.32076086766204E+004	+3.45255628057695E+001	+4.97582228844985E+001
+2.35829739740366E+004	+3.46058651324831E+001	+4.98592378683101E+001
+2.39644105176749E+004	+3.46923062839645E+001	+4.99069620519731E+001
+2.43520165052936E+004	+3.47754255957509E+001	+4.99012839301526E+001
+2.47458917229243E+004	+3.48483535656189E+001	+4.98446237776635E+001
+2.51461375705613E+004	+3.49190210595288E+001	+4.99840431360056E+001
+2.55528570882663E+004	+3.50036237114389E+001	+5.00362253775335E+001
+2.59661549826949E+004	+3.50958592370954E+001	+5.00971102902110E+001
+2.63861376540527E+004	+3.51771913808165E+001	+5.01277686735669E+001
+2.68129132234871E+004	+3.52604467160988E+001	+5.01847278491192E+001
+2.72465915609224E+004	+3.53438419348419E+001	+5.01935183214748E+001
+2.76872843133448E+004	+3.54193495350467E+001	+5.02127837109137E+001
+2.81351049335449E+004	+3.55085058167636E+001	+5.02655747164692E+001
+2.85901687093251E+004	+3.55920886653854E+001	+5.02610403731929E+001
+2.90525927931802E+004	+3.56713200484327E+001	+5.02508111803765E+001
+2.95224962324564E+004	+3.57511316712984E+001	+5.03397259162826E+001
+3.00000000000000E+004	+3.58373430276936E+001	+5.03386739944423E+001
