Frequency	Imp. Mag	Imp. Angle
+1.00000000000000E+001	+1.77265207635739E+001	+7.27775785646377E+000
+1.01617423417667E+001	+1.77290481107343E+001	+7.39844953603217E+000
+1.03261007420454E+001	+1.77330631463329E+001	+7.51618047238475E+000
+1.04931175135791E+001	+1.77366367089515E+001	+7.63444336598407E+000
+1.06628356534870E+001	+1.77399428639854E+001	+7.75318513546440E+000
+1.08352988543338E+001	+1.77442650092393E+001	+7.87489449882209E+000
+1.10105515153780E+001	+1.77479757722177E+001	+7.99922599975398E+000
+1.11886387540020E+001	+1.77514730676248E+001	+8.12163770207149E+000
+1.13696064173274E+001	+1.77561613977882E+001	+8.25091464248243E+000
+1.15535010940178E+001	+1.77609773814551E+001	+8.37909429335559E+000
+1.17403701262728E+001	+1.77648013839271E+001	+8.51025231338613E+000
+1.19302616220159E+001	+1.77692210893100E+001	+8.64521647970128E+000
+1.21232244672793E+001	+1.77754327397910E+001	+8.77903611894841E+000
+1.23193083387894E+001	+1.77795871847926E+001	+8.91507813008610E+000
+1.25185637167555E+001	+1.77846053495753E+001	+9.05355637401816E+000
+1.27210418978659E+001	+1.77894479384638E+001	+9.19625392366986E+000
+1.29267950084932E+001	+1.77950807581948E+001	+9.34056761559735E+000
+1.31358760181143E+001	+1.78005127318662E+001	+9.48697355601156E+000
+1.33483387529470E+001	+1.78056360932120E+001	+9.63619611041220E+000
+1.35642379098066E+001	+1.78109931307707E+001	+9.78535635848075E+000
+1.37836290701879E+001	+1.78167751302320E+001	+9.93944271478586E+000
+1.40065687145734E+001	+1.78235487377002E+001	+1.00951130787869E+001
+1.42331142369745E+001	+1.78287697196796E+001	+1.02533212307769E+001
+1.44633239597066E+001	+1.78348910343382E+001	+1.04147081443716E+001
+1.46972571484039E+001	+1.78417945331824E+001	+1.05790327548656E+001
+1.49349740272769E+001	+1.78480864597532E+001	+1.07456805765172E+001
+1.51765357946165E+001	+1.78560980378552E+001	+1.09103757217947E+001
+1.54220046385492E+001	+1.78620554222566E+001	+1.10816556505480E+001
+1.56714437530468E+001	+1.78689391027117E+001	+1.12568274114048E+001
+1.59249173541951E+001	+1.78773476581542E+001	+1.14310600444726E+001
+1.61824906967259E+001	+1.78837312626412E+001	+1.16126236922572E+001
+1.64442300908165E+001	+1.78926870478590E+001	+1.17927890291566E+001
+1.67102029191604E+001	+1.78989286751911E+001	+1.19824326694535E+001
+1.69804776543145E+001	+1.79086945059668E+001	+1.21654449070613E+001
+1.72551238763271E+001	+1.79178820487967E+001	+1.23596308710688E+001
+1.75342122906502E+001	+1.79258064924726E+001	+1.25587282526672E+001
+1.78178147463426E+001	+1.79344273894482E+001	+1.27488011736761E+001
+1.81060042545664E+001	+1.79443133069655E+001	+1.29490763197608E+001
+1.83988550073835E+001	+1.79536153727194E+001	+1.31550286536508E+001
+1.86964423968555E+001	+1.79637349763234E+001	+1.33537975721479E+001
+1.89988430344528E+001	+1.79745504473180E+001	+1.35666793608506E+001
+1.93061347707778E+001	+1.79840174981521E+001	+1.37853215509627E+001
+1.96183967156067E+001	+1.79940868797683E+001	+1.40128956338760E+001
+1.99357092582557E+001	+1.80055398629748E+001	+1.42350772540072E+001
+2.02581540882767E+001	+1.80196851544804E+001	+1.44630836478017E+001
+2.05858142164875E+001	+1.80315553289508E+001	+1.46751690572061E+001
+2.09187739963423E+001	+1.80417827817911E+001	+1.49003865869866E+001
+2.12571191456480E+001	+1.80552515791105E+001	+1.51610604190128E+001
+2.16009367686310E+001	+1.80692589641024E+001	+1.53752904870324E+001
+2.19503153783622E+001	+1.80795227356510E+001	+1.56297521489937E+001
+2.23053449195436E+001	+1.80963777048250E+001	+1.58896032042371E+001
+2.26661167916636E+001	+1.81066226421854E+001	+1.61367897248661E+001
+2.30327238725277E+001	+1.81274361537785E+001	+1.63936137766759E+001
+2.34052605421685E+001	+1.81382946902127E+001	+1.66624881777376E+001
+2.37838227071435E+001	+1.81539518191723E+001	+1.69124257674856E+001
+2.41685078252252E+001	+1.81750438665454E+001	+1.71944958139369E+001
+2.45594149304910E+001	+1.81866381298515E+001	+1.74642646681730E+001
+2.49566446588187E+001	+1.82027896604328E+001	+1.77410243963836E+001
+2.53602992737943E+001	+1.82261868141593E+001	+1.80143230460487E+001
+2.57704826930390E+001	+1.82431022485912E+001	+1.83258698763650E+001
+2.61873005149620E+001	+1.82581105650087E+001	+1.86126860062038E+001
+2.66108600459458E+001	+1.82790270690334E+001	+1.89002555256887E+001
+2.70412703279715E+001	+1.83015242472771E+001	+1.91971352865203E+001
+2.74786421666906E+001	+1.83226219771730E+001	+1.95084188491253E+001
+2.79230881599516E+001	+1.83447673621315E+001	+1.98218965566158E+001
+2.83747227267864E+001	+1.83649611758764E+001	+2.01386743509765E+001
+2.88336621368674E+001	+1.83876551672507E+001	+2.04755621737003E+001
+2.93000245404400E+001	+1.84141361532685E+001	+2.08257835730409E+001
+2.97739299987392E+001	+1.84429713438716E+001	+2.11521644174559E+001
+3.02555005148986E+001	+1.84635347091431E+001	+2.14787354448841E+001
+3.07448600653588E+001	+1.84903130992113E+001	+2.18630671392696E+001
+3.12421346317848E+001	+1.85193466926364E+001	+2.22006544733919E+001
+3.17474522334983E+001	+1.85492154368242E+001	+2.25813141605387E+001
+3.22609429604355E+001	+1.85757734114766E+001	+2.29234273626845E+001
+3.27827390066377E+001	+1.86096667954511E+001	+2.33111617415333E+001
+3.33129747042836E+001	+1.86360560035424E+001	+2.37039865234349E+001
+3.38517865582721E+001	+1.86712994122427E+001	+2.40737215976631E+001
+3.43993132813642E+001	+1.87072555586936E+001	+2.44719127938344E+001
+3.49556958298935E+001	+1.87412539946334E+001	+2.48974212974819E+001
+3.55210774400546E+001	+1.87779779901442E+001	+2.52962637521719E+001
+3.60956036647776E+001	+1.88159651498343E+001	+2.57156075492664E+001
+3.66794224111999E+001	+1.88544096917325E+001	+2.61402192788255E+001
+3.72726839787436E+001	+1.88973656494413E+001	+2.65722600159497E+001
+3.78755410978087E+001	+1.89387807016339E+001	+2.70436449595008E+001
+3.84881489690927E+001	+1.89823900826676E+001	+2.74994811065845E+001
+3.91106653035453E+001	+1.90323842551696E+001	+2.79509238338059E+001
+3.97432503629701E+001	+1.90778306420618E+001	+2.84133087942406E+001
+4.03860670012827E+001	+1.91276441513467E+001	+2.89019786737591E+001
+4.10392807064361E+001	+1.91799290472557E+001	+2.93803412386989E+001
+4.17030596430240E+001	+1.92329309096377E+001	+2.98945183475312E+001
+4.23775746955738E+001	+1.92895240468592E+001	+3.03930680910011E+001
+4.30629995125393E+001	+1.93486478755782E+001	+3.09107699360931E+001
+4.37595105510048E+001	+1.94089994828652E+001	+3.14543145184325E+001
+4.44672871221131E+001	+1.94724127525783E+001	+3.19770280682072E+001
+4.51865114372273E+001	+1.95403551459685E+001	+3.25458306707397E+001
+4.59173686548397E+001	+1.96112694516639E+001	+3.31155172187844E+001
+4.66600469282395E+001	+1.96822659919359E+001	+3.36812898294005E+001
+4.74147374539511E+001	+1.97595233838269E+001	+3.42756664467134E+001
+4.81816345209566E+001	+1.98382070431848E+001	+3.48684496024198E+001
+4.89609355607132E+001	+1.99219230656096E+001	+3.54897299111030E+001
+4.97528411979809E+001	+2.00088531472458E+001	+3.61052321289459E+001
+5.05575553024716E+001	+2.00998972742415E+001	+3.67539233880368E+001
+5.13752850413336E+001	+2.01942087370191E+001	+3.73836351657228E+001
+5.22062409324852E+001	+2.02957871178696E+001	+3.80535373652323E+001
+5.30506368988108E+001	+2.04018108723240E+001	+3.87328896071896E+001
+5.39086903232335E+001	+2.05120558295563E+001	+3.94255268678591E+001
+5.47806221046790E+001	+2.06292172041048E+001	+4.01248459454658E+001
+5.56666567149436E+001	+2.07529919553741E+001	+4.08243633352586E+001
+5.65670222564833E+001	+2.08827077065824E+001	+4.15442089397813E+001
+5.74819505211364E+001	+2.10158457024105E+001	+4.22785434333570E+001
+5.84116770497969E+001	+2.11586040042443E+001	+4.30183585239817E+001
+5.93564411930522E+001	+2.13102366861111E+001	+4.37949991622051E+001
+6.03164861728023E+001	+2.14689266430585E+001	+4.45728900267651E+001
+6.12920591448749E+001	+2.16356449718832E+001	+4.53657164512135E+001
+6.22834112626543E+001	+2.18101175418216E+001	+4.61724642783310E+001
+6.32907977417382E+001	+2.19951771519384E+001	+4.70133667920452E+001
+6.43144779256412E+001	+2.21992061802405E+001	+4.78649664535911E+001
+6.53547153525606E+001	+2.24144852671233E+001	+4.87245069605263E+001
+6.64117778232225E+001	+2.26426987887956E+001	+4.95660383543262E+001
+6.74859374698241E+001	+2.28882428832580E+001	+5.04419906072511E+001
+6.85774708260930E+001	+2.31466973806837E+001	+5.13110133214578E+001
+6.96866588984778E+001	+2.34188566439390E+001	+5.21626662390798E+001
+7.08137872384914E+001	+2.37148138846826E+001	+5.30229743749890E+001
+7.19591460162235E+001	+2.40284935212190E+001	+5.38662924428183E+001
+7.31230300950429E+001	+2.43678119616836E+001	+5.47380327987523E+001
+7.43057391075077E+001	+2.47263621668546E+001	+5.56343215399932E+001
+7.55075775325029E+001	+2.51219963752205E+001	+5.65410056550824E+001
+7.67288547736265E+001	+2.55576138601729E+001	+5.73875925490749E+001
+7.79698852388427E+001	+2.60358283825597E+001	+5.81939233894770E+001
+7.92309884214237E+001	+2.65575307445714E+001	+5.88061225303086E+001
+8.05124889822006E+001	+2.71198883623102E+001	+5.93779780013786E+001
+8.18147168331452E+001	+2.77406861103402E+001	+5.97598090537338E+001
+8.31380072223022E+001	+2.84136907896412E+001	+5.99439469209668E+001
+8.44827008200972E+001	+2.91485383149410E+001	+5.98924020949271E+001
+8.58491438070388E+001	+2.99473009184947E+001	+5.95725035953776E+001
+8.72376879628403E+001	+3.08412518396555E+001	+5.89612261685016E+001
+8.86486907569824E+001	+3.18481820492531E+001	+5.78729978499763E+001
+9.00825154407409E+001	+3.29907722472183E+001	+5.60554693448446E+001
+9.15395311407027E+001	+3.46013225212554E+001	+5.35170336615407E+001
+9.30201129537948E+001	+3.57477748464391E+001	+4.86275952044446E+001
+9.45246420438496E+001	+3.73814153811722E+001	+4.13786892498929E+001
+9.60535057397325E+001	+3.90607423642338E+001	+3.04604620089250E+001
+9.76070976350569E+001	+4.04881822257341E+001	+1.43200545737190E+001
+9.91858176895112E+001	+4.10502086275891E+001	-6.61884248865309E+000
+1.00790072331826E+002	+3.97874640801677E+001	-3.17462888173702E+001
+1.02420274564404E+002	+3.79623726389403E+001	-4.45017413432842E+001
+1.04076844069647E+002	+3.61413560590333E+001	-5.21794269600113E+001
+1.05760207317998E+002	+3.45700834340817E+001	-5.63054748424657E+001
+1.07470797677732E+002	+3.31752145442544E+001	-5.89268107684629E+001
+1.09209055526525E+002	+3.19827752173151E+001	-6.02648628797395E+001
+1.10975428364824E+002	+3.09236021332206E+001	-6.10415330351629E+001
+1.12770370931053E+002	+2.99671829179000E+001	-6.13420358474956E+001
+1.14594345318681E+002	+2.91040788385976E+001	-6.13247729654849E+001
+1.16447821095188E+002	+2.83051091306681E+001	-6.10460139391244E+001
+1.18331275422944E+002	+2.75873586663162E+001	-6.05690678510737E+001
+1.20245193182059E+002	+2.69123878013734E+001	-5.98652149154719E+001
+1.22190067095204E+002	+2.62954971504011E+001	-5.90432966691491E+001
+1.24166397854464E+002	+2.57176584621260E+001	-5.79933055274695E+001
+1.26174694250236E+002	+2.52038326627308E+001	-5.69049301140419E+001
+1.28215473302209E+002	+2.47177304784689E+001	-5.58124896934206E+001
+1.30289260392471E+002	+2.42763457374614E+001	-5.46841800130375E+001
+1.32396589400763E+002	+2.38688124282179E+001	-5.35300313460208E+001
+1.34538002841924E+002	+2.34696884588572E+001	-5.23835719325108E+001
+1.36714052005550E+002	+2.31046610546289E+001	-5.10880301987365E+001
+1.38925297097929E+002	+2.27756077186476E+001	-4.98353572866612E+001
+1.41172307386254E+002	+2.24548505593318E+001	-4.86368763030396E+001
+1.43455661345180E+002	+2.21567485059226E+001	-4.73607031491954E+001
+1.45775946805746E+002	+2.18823904857281E+001	-4.60889892470761E+001
+1.48133761106707E+002	+2.16261515835870E+001	-4.47959299134134E+001
+1.50529711248318E+002	+2.13848149968643E+001	-4.35403401773301E+001
+1.52964414048594E+002	+2.11616730375926E+001	-4.22834237101048E+001
+1.55438496302113E+002	+2.09511398572285E+001	-4.10237462183744E+001
+1.57952594941372E+002	+2.07571505106605E+001	-3.97699782488406E+001
+1.60507357200766E+002	+2.05831586689228E+001	-3.84916054607913E+001
+1.63103440783210E+002	+2.04262372396105E+001	-3.73179424132835E+001
+1.65741514029458E+002	+2.02689495914504E+001	-3.62392802863969E+001
+1.68422256090166E+002	+2.01107061894268E+001	-3.51305721872943E+001
+1.71146357100731E+002	+1.99545539330690E+001	-3.39665195856172E+001
+1.73914518358962E+002	+1.98230486419387E+001	-3.27139340479839E+001
+1.76727452505622E+002	+1.97024319537021E+001	-3.15334674461266E+001
+1.79585883707894E+002	+1.96012733988566E+001	-3.03594987925307E+001
+1.82490547845809E+002	+1.95126592985751E+001	-2.92582809278641E+001
+1.85442192701696E+002	+1.94211965998037E+001	-2.82779585991302E+001
+1.88441578152688E+002	+1.93220798865100E+001	-2.71633810290372E+001
+1.91489476366350E+002	+1.92662890765296E+001	-2.60559190170126E+001
+1.94586671999467E+002	+1.91928051735882E+001	-2.52901620406224E+001
+1.97733962400045E+002	+1.90971923517165E+001	-2.42156092948635E+001
+2.00932157812583E+002	+1.90502103288963E+001	-2.31200812817908E+001
+2.04182081586668E+002	+1.90052627617223E+001	-2.21839697100518E+001
+2.07484570388930E+002	+1.89591365835229E+001	-2.13201985013793E+001
+2.10840474418446E+002	+1.89176676366825E+001	-2.04300587861936E+001
+2.14250657625609E+002	+1.88970932449566E+001	-1.96066268161138E+001
+2.17715997934551E+002	+1.88744528976002E+001	-1.89704921367035E+001
+2.21237387469152E+002	+1.88041610717103E+001	-1.85577575576330E+001
+2.24815732782712E+002	+1.87134258337698E+001	-1.73586410041449E+001
+2.28451955091338E+002	+1.87018240880370E+001	-1.67878255669585E+001
+2.32146990511103E+002	+1.86738458616729E+001	-1.58229492527297E+001
+2.35901790299039E+002	+1.86512682377841E+001	-1.51273317950003E+001
+2.39717321098031E+002	+1.85970815255070E+001	-1.45350523858766E+001
+2.43594565185673E+002	+1.85504998167285E+001	-1.36294225999696E+001
+2.47534520727150E+002	+1.85334808242857E+001	-1.29952992649878E+001
+2.51538202032201E+002	+1.84698977976580E+001	-1.22237570210141E+001
+2.55606639816247E+002	+1.84499521376965E+001	-1.11955200752961E+001
+2.59740881465746E+002	+1.84620653329852E+001	-1.05092903529195E+001
+2.63941991307827E+002	+1.84380861280812E+001	-9.93351995511478E+000
+2.68211050884297E+002	+1.83957627032567E+001	-9.11081260904538E+000
+2.72549159230069E+002	+1.83941659878140E+001	-8.30406091395759E+000
+2.76957433156110E+002	+1.83889586422063E+001	-7.49675615106120E+000
+2.81437007536946E+002	+1.83956603947149E+001	-6.77951342490197E+000
+2.85989035602829E+002	+1.83970855581944E+001	-6.09012760684677E+000
+2.90614689236629E+002	+1.84077434304027E+001	-5.40042248845276E+000
+2.95315159275522E+002	+1.84218663636730E+001	-4.81084266694358E+000
+3.00091655817564E+002	+1.84183649181464E+001	-4.32117622083889E+000
+3.04945408533221E+002	+1.83962580741483E+001	-3.63847179981914E+000
+3.09877666981937E+002	+1.84063931755683E+001	-2.89800811961478E+000
+3.14889700933823E+002	+1.84293816420041E+001	-2.21442027091515E+000
+3.19982800696547E+002	+1.84562341041239E+001	-1.75650698581560E+000
+3.25158277447519E+002	+1.84469942079882E+001	-1.27174083307971E+000
+3.30417463571437E+002	+1.84497067707589E+001	-6.96363945106920E-001
+3.35761713003303E+002	+1.84394092370641E+001	-1.25315980969167E-001
+3.41192401576977E+002	+1.84379761846552E+001	+5.76470572061984E-001
+3.46710927379383E+002	+1.84658447199312E+001	+1.27819287084535E+000
+3.52318711110427E+002	+1.84800754761845E+001	+1.80748156128143E+000
+3.58017196448748E+002	+1.85011243714952E+001	+2.39642786409061E+000
+3.63807850423385E+002	+1.85080367321484E+001	+2.95229837720531E+000
+3.69692163791442E+002	+1.85312821576392E+001	+3.50811875684053E+000
+3.75671651421885E+002	+1.85328709558144E+001	+4.09540976870776E+000
+3.81747852685518E+002	+1.85559883558044E+001	+4.71244702114353E+000
+3.87922331851293E+002	+1.85836105971937E+001	+5.31735614465541E+000
+3.94196678489015E+002	+1.86151615775928E+001	+5.87138284013413E+000
+4.00572507878561E+002	+1.86302257544482E+001	+6.39272917594201E+000
+4.07051461425724E+002	+1.86590828988027E+001	+7.00557480788045E+000
+4.13635207084779E+002	+1.86844184590145E+001	+7.53442039386216E+000
+4.20325439787883E+002	+1.87146468989452E+001	+8.11567593396275E+000
+4.27123881881423E+002	+1.87577673966866E+001	+8.70200883179512E+000
+4.34032283569420E+002	+1.87874374552014E+001	+9.14843867964673E+000
+4.41052423364106E+002	+1.88068823300997E+001	+9.55570769346273E+000
+4.48186108543784E+002	+1.88342917350933E+001	+1.02461249590677E+001
+4.55435175618101E+002	+1.88637505014585E+001	+1.08150646148829E+001
+4.62801490800840E+002	+1.89002718466871E+001	+1.14060287061890E+001
+4.70286950490363E+002	+1.89472097011184E+001	+1.20519567629454E+001
+4.77893481757826E+002	+1.90037191447917E+001	+1.26500277198072E+001
+4.85623042843280E+002	+1.90558416829044E+001	+1.31978737053279E+001
+4.93477623659813E+002	+1.91209041053208E+001	+1.38496266541341E+001
+5.01459246305832E+002	+1.92035250297303E+001	+1.43142470457423E+001
+5.09569965585639E+002	+1.92940091335708E+001	+1.45677400999089E+001
+5.17811869538417E+002	+1.93229184357391E+001	+1.48439150726311E+001
+5.26187079975790E+002	+1.93593097308906E+001	+1.53558869774006E+001
+5.34697753028055E+002	+1.94385686146219E+001	+1.55076276699402E+001
+5.43346079699269E+002	+1.94045806544476E+001	+1.62453221811417E+001
+5.52134286431300E+002	+1.94810565517324E+001	+1.72116400414495E+001
+5.61064635677007E+002	+1.96314623485200E+001	+1.79267517757600E+001
+5.70139426482694E+002	+1.97958542155378E+001	+1.81858684747076E+001
+5.79360995079976E+002	+1.99135413244815E+001	+1.78682993221911E+001
+5.88731715487227E+002	+1.99601887792194E+001	+1.78342438568814E+001
+5.98254000120749E+002	+1.99963716786298E+001	+1.74322337265930E+001
+6.07930300415830E+002	+1.99502813259167E+001	+1.79067816705701E+001
+6.17763107457848E+002	+1.99855073738690E+001	+1.88227280421746E+001
+6.27754952623577E+002	+2.00941863751547E+001	+1.96850985498339E+001
+6.37908408232874E+002	+2.01997156198143E+001	+2.00084443452036E+001
+6.48226088210898E+002	+2.04170557533457E+001	+2.02554593433755E+001
+6.58710648761046E+002	+2.05341102412615E+001	+1.94814352683141E+001
+6.69364789048773E+002	+2.05990912808563E+001	+1.93044248643789E+001
+6.80191251896463E+002	+2.05940739620389E+001	+1.86351378390905E+001
+6.91192824489558E+002	+2.06091373083897E+001	+1.90313250133808E+001
+7.02372339094084E+002	+2.05130398087431E+001	+1.91687656677264E+001
+7.13732673785806E+002	+2.07431737046156E+001	+2.05402908965743E+001
+7.25276753191156E+002	+2.09467003088191E+001	+1.94643481880250E+001
+7.37007549240163E+002	+2.09483883937435E+001	+1.85874938933030E+001
+7.48928081931547E+002	+2.08684540864616E+001	+1.80679237272235E+001
+7.61041420110189E+002	+2.07967671179048E+001	+1.85856181385148E+001
+7.73350682257196E+002	+2.08236946907216E+001	+1.89539587351995E+001
+7.85859037292710E+002	+2.09250232567568E+001	+1.88040314227564E+001
+7.98569705391733E+002	+2.09483787117857E+001	+1.88490361014487E+001
+8.11485958813132E+002	+2.08741903245778E+001	+1.78344426312472E+001
+8.24611122742053E+002	+2.07303734137834E+001	+1.84947348724487E+001
+8.37948576145968E+002	+2.07701274267121E+001	+1.94867901328169E+001
+8.51501752644558E+002	+2.08717519284566E+001	+2.02151907207710E+001
+8.65274141393675E+002	+2.08776386650367E+001	+1.98698461142733E+001
+8.79269287983591E+002	+2.09191792396210E+001	+2.03045188953570E+001
+8.93490795351790E+002	+2.09118934997572E+001	+2.01333430994107E+001
+9.07942324710507E+002	+2.09424022520862E+001	+2.07408324878616E+001
+9.22627596489282E+002	+2.09924911323707E+001	+2.07536325784741E+001
+9.37550391292757E+002	+2.10032487425005E+001	+2.07382387187880E+001
+9.52714550873953E+002	+2.09961450338384E+001	+2.08740304363529E+001
+9.68123979123307E+002	+2.09731605417867E+001	+2.10464762753074E+001
+9.83782643073695E+002	+2.09408198057888E+001	+2.14554922697453E+001
+9.99694573921710E+002	+2.08982947013675E+001	+2.21048534222715E+001
+1.01586386806546E+003	+2.09986781859103E+001	+2.30021078574642E+001
+1.03229468815917E+003	+2.10713317352650E+001	+2.31367714961061E+001
+1.04899126418479E+003	+2.10563027919415E+001	+2.29917622695093E+001
+1.06595789454099E+003	+2.10242951591475E+001	+2.36578309349764E+001
+1.08319894714976E+003	+2.10509251572106E+001	+2.44965918746105E+001
+1.10071886058088E+003	+2.11325078268026E+001	+2.48171427841882E+001
+1.11852214519460E+003	+2.11279535422412E+001	+2.53418899466261E+001
+1.13661338430276E+003	+2.11754851258665E+001	+2.57921047923035E+001
+1.15499723534881E+003	+2.12204814490288E+001	+2.64282123122652E+001
+1.17367843110675E+003	+2.12925188789039E+001	+2.69860235767004E+001
+1.19266178089957E+003	+2.13579787230523E+001	+2.73823088488635E+001
+1.21195217183740E+003	+2.13983678419713E+001	+2.78159722696707E+001
+1.23155457007562E+003	+2.14682772252757E+001	+2.84668239700329E+001
+1.25147402209337E+003	+2.15524221994687E+001	+2.89562485604831E+001
+1.27171565599272E+003	+2.16491732057913E+001	+2.93721297026700E+001
+1.29228468281889E+003	+2.17368091972919E+001	+2.97160894825970E+001
+1.31318639790172E+003	+2.18380054344472E+001	+3.00646999228841E+001
+1.33442618221900E+003	+2.19629455152253E+001	+3.03418995516734E+001
+1.35600950378168E+003	+2.20538366324548E+001	+3.01598418005631E+001
+1.37794191904164E+003	+2.20956018526969E+001	+3.02528526769472E+001
+1.40022907432206E+003	+2.21606323346080E+001	+3.03770203952343E+001
+1.42287670727113E+003	+2.22114573013423E+001	+3.01965178675073E+001
+1.44589064833906E+003	+2.21863441460533E+001	+3.04321482474004E+001
+1.46927682227915E+003	+2.21905590754743E+001	+3.09722992196285E+001
+1.49304124967304E+003	+2.22181650853216E+001	+3.18292169961671E+001
+1.51719004848068E+003	+2.23010776462110E+001	+3.27168056056123E+001
+1.54172943561531E+003	+2.24599665338314E+001	+3.34484189541753E+001
+1.56666572854402E+003	+2.26170777777464E+001	+3.38916148253582E+001
+1.59200534691405E+003	+2.27856526895078E+001	+3.40638216034307E+001
+1.61775481420554E+003	+2.29558432455635E+001	+3.40693303189551E+001
+1.64392075941093E+003	+2.31373110681553E+001	+3.37894701056649E+001
+1.67050991874153E+003	+2.32917874654670E+001	+3.27670195802440E+001
+1.69752913736171E+003	+2.31982182183180E+001	+3.14536897524336E+001
+1.72498537115111E+003	+2.30879538487672E+001	+3.19972678749497E+001
+1.75288568849544E+003	+2.30763027914018E+001	+3.24343200364986E+001
+1.78123727210609E+003	+2.30689393736303E+001	+3.36315889598170E+001
+1.81004742086934E+003	+2.32335088843267E+001	+3.44906328485701E+001
+1.83932355172536E+003	+2.34011983306606E+001	+3.45983572090351E+001
+1.86907320157763E+003	+2.34861961153736E+001	+3.48341796585940E+001
+1.89930402923328E+003	+2.36468399688244E+001	+3.50010640675923E+001
+1.93002381737478E+003	+2.37512657489945E+001	+3.48044305581380E+001
+1.96124047456355E+003	+2.38696046436778E+001	+3.52880515083642E+001
+1.99296203727590E+003	+2.40515592257034E+001	+3.52195423651497E+001
+2.02519667197201E+003	+2.42124373240410E+001	+3.41943610952347E+001
+2.05795267719829E+003	+2.43244029428687E+001	+3.35697695707318E+001
+2.09123848572380E+003	+2.42891918194426E+001	+3.16635951163717E+001
+2.12506266671116E+003	+2.39868752395234E+001	+3.15381830600651E+001
+2.15943392792264E+003	+2.39392463531027E+001	+3.31460063184592E+001
+2.19436111796190E+003	+2.40065765073395E+001	+3.48123186177997E+001
+2.22985322855199E+003	+2.42507863064642E+001	+3.60205654153095E+001
+2.26591939685019E+003	+2.45603939572052E+001	+3.61580913391542E+001
+2.30256890780030E+003	+2.48148794513116E+001	+3.55726092565034E+001
+2.33981119652298E+003	+2.49976168382934E+001	+3.47281946780180E+001
+2.37765585074473E+003	+2.52135096029829E+001	+3.34322148705804E+001
+2.41611261326620E+003	+2.53188376924061E+001	+3.10478273841612E+001
+2.45519138447036E+003	+2.51776298160388E+001	+2.92963843942939E+001
+2.49490222487133E+003	+2.50424345569122E+001	+2.81711513764352E+001
+2.53525535770429E+003	+2.47848718085600E+001	+2.81168957172012E+001
+2.57626117155745E+003	+2.46542403879920E+001	+2.86587917934724E+001
+2.61793022304647E+003	+2.46146862963340E+001	+2.95272962948485E+001
+2.66027323953220E+003	+2.46403285414663E+001	+2.93053939956915E+001
+2.70330112188232E+003	+2.45011364995067E+001	+2.93752196953531E+001
+2.74702494727769E+003	+2.44534972965320E+001	+2.94909868126897E+001
+2.79145597206411E+003	+2.42899372258967E+001	+3.04626674213268E+001
+2.83660563465014E+003	+2.43068324489514E+001	+3.13525961030498E+001
+2.88248555845182E+003	+2.42878604654212E+001	+3.25927371168249E+001
+2.92910755488509E+003	+2.43660382140243E+001	+3.34297604920621E+001
+2.97648362640644E+003	+2.44312522429534E+001	+3.44815891946379E+001
+3.02462596960296E+003	+2.45573963918010E+001	+3.50607973897073E+001
+3.07354697833215E+003	+2.47082395466918E+001	+3.58150364048006E+001
+3.12325924691268E+003	+2.48866635618443E+001	+3.57566580716020E+001
+3.17377557336669E+003	+2.50264527189236E+001	+3.51960109030082E+001
+3.22510896271451E+003	+2.50090362520012E+001	+3.46212651140156E+001
+3.27727263032273E+003	+2.49213376562994E+001	+3.46675435774423E+001
+3.33028000530635E+003	+2.49176856632259E+001	+3.53882333745651E+001
+3.38414473398605E+003	+2.49883909372137E+001	+3.59699913608806E+001
+3.43888068340128E+003	+2.50406792387253E+001	+3.62424513250538E+001
+3.49450194488023E+003	+2.50848817342217E+001	+3.64738174767712E+001
+3.55102283766755E+003	+2.51082102480090E+001	+3.69435270030704E+001
+3.60845791261068E+003	+2.51323648528690E+001	+3.74230984137714E+001
+3.66682195590589E+003	+2.52083525324210E+001	+3.80421737522558E+001
+3.72612999290486E+003	+2.52833198237311E+001	+3.85521589851542E+001
+3.78639729198281E+003	+2.53653747618520E+001	+3.89480652295259E+001
+3.84763936846924E+003	+2.54717682187503E+001	+3.93561488160253E+001
+3.90987198864223E+003	+2.55622926236899E+001	+3.96276157973943E+001
+3.97311117378733E+003	+2.56356917540641E+001	+3.98044785576841E+001
+4.03737320432210E+003	+2.57181178898017E+001	+3.99974582118872E+001
+4.10267462398741E+003	+2.57935062880813E+001	+4.02829286599504E+001
+4.16903224410645E+003	+2.58799725342916E+001	+4.05653886422636E+001
+4.23646314791271E+003	+2.59676322565381E+001	+4.07885741353014E+001
+4.30498469494787E+003	+2.60296496385087E+001	+4.08850729378104E+001
+4.37461452553093E+003	+2.60906742845192E+001	+4.11145198041353E+001
+4.44537056529952E+003	+2.61678964362728E+001	+4.13858904395930E+001
+4.51727102982474E+003	+2.62452083920490E+001	+4.16749959131219E+001
+4.59033442930060E+003	+2.63305171863163E+001	+4.19590046607337E+001
+4.66457957330934E+003	+2.64155846812665E+001	+4.22578062893511E+001
+4.74002557566374E+003	+2.65044757650278E+001	+4.24932179697590E+001
+4.81669185932792E+003	+2.66046675588190E+001	+4.26810077349428E+001
+4.89459816141754E+003	+2.66991944998727E+001	+4.27901819881450E+001
+4.97376453828100E+003	+2.67824538869752E+001	+4.28409155734407E+001
+5.05421137066276E+003	+2.68572336321856E+001	+4.29406212911884E+001
+5.13595936895024E+003	+2.69350509125818E+001	+4.30625225036978E+001
+5.21902957850549E+003	+2.70132649578177E+001	+4.31717696492752E+001
+5.30344338508320E+003	+2.70803463580866E+001	+4.32918462332013E+001
+5.38922252033623E+003	+2.71526091586900E+001	+4.34335009624678E+001
+5.47638906741032E+003	+2.72177935895530E+001	+4.36289070015694E+001
+5.56496546662916E+003	+2.72997873845566E+001	+4.38234111963686E+001
+5.65497452127149E+003	+2.73835724880928E+001	+4.40018783523513E+001
+5.74643940344163E+003	+2.74652703927710E+001	+4.41058150588100E+001
+5.83938366003493E+003	+2.75328407610488E+001	+4.42097246202873E+001
+5.93383121879974E+003	+2.76026528516502E+001	+4.44403337098836E+001
+6.02980639449743E+003	+2.76875240915581E+001	+4.46285651771757E+001
+6.12733389516200E+003	+2.77663206669656E+001	+4.47763938832339E+001
+6.22643882846098E+003	+2.78474125152064E+001	+4.49608660540328E+001
+6.32714670815921E+003	+2.79336879746742E+001	+4.51190151487454E+001
+6.42948346068711E+003	+2.80189422176764E+001	+4.52440769561557E+001
+6.53347543181528E+003	+2.81013005461405E+001	+4.53636889631248E+001
+6.63914939343696E+003	+2.81808778520653E+001	+4.54838932122893E+001
+6.74653255046029E+003	+2.82613718531418E+001	+4.56249957928843E+001
+6.85565254781195E+003	+2.83440899898978E+001	+4.57706822321865E+001
+6.96653747755414E+003	+2.84282408174498E+001	+4.59013472315434E+001
+7.07921588611663E+003	+2.85134219864998E+001	+4.60208048216112E+001
+7.19371678164587E+003	+2.85981911376863E+001	+4.61210920059441E+001
+7.31006964147283E+003	+2.86803569273144E+001	+4.62123940500871E+001
+7.42830441970176E+003	+2.87615630178972E+001	+4.63093189427730E+001
+7.54845155492159E+003	+2.88414669917023E+001	+4.64188230117817E+001
+7.67054197804213E+003	+2.89226948448556E+001	+4.65357543296812E+001
+7.79460712025695E+003	+2.90066655049176E+001	+4.66505095194986E+001
+7.92067892113511E+003	+2.90877593793589E+001	+4.67375553656911E+001
+8.04878983684374E+003	+2.91684820902729E+001	+4.68573944485006E+001
+8.17897284850364E+003	+2.92514454646521E+001	+4.69719705175743E+001
+8.31126147067994E+003	+2.93364650370375E+001	+4.70844209751856E+001
+8.44568976001024E+003	+2.94229510620722E+001	+4.71852682981557E+001
+8.58229232397213E+003	+2.95090080729005E+001	+4.72760151463055E+001
+8.72110432979268E+003	+2.95949219319624E+001	+4.73698670574163E+001
+8.86216151350190E+003	+2.96829435572928E+001	+4.74509041449668E+001
+9.00550018913273E+003	+2.97716274745751E+001	+4.75331494132870E+001
+9.15115725806979E+003	+2.98646703994489E+001	+4.75666188050151E+001
+9.29917021854932E+003	+2.99484455288671E+001	+4.75404716098705E+001
+9.44957717531284E+003	+3.00223550833584E+001	+4.75357780490348E+001
+9.60241684941685E+003	+3.00931486671763E+001	+4.76005247023466E+001
+9.75772858820129E+003	+3.01706025894432E+001	+4.76830630478939E+001
+9.91555237541923E+003	+3.02494684734742E+001	+4.77723998912597E+001
+1.00759288415303E+004	+3.03244168047432E+001	+4.78516865574573E+001
+1.02388992741606E+004	+3.04007406841771E+001	+4.79711281939495E+001
+1.04045056287322E+004	+3.04859077593188E+001	+4.80900028024986E+001
+1.05727905392638E+004	+3.05715420253001E+001	+4.81782864858782E+001
+1.07437973293467E+004	+3.06564222859423E+001	+4.82642109478697E+001
+1.09175700232982E+004	+3.07422569349692E+001	+4.83472850580038E+001
+1.10941533574952E+004	+3.08017565939381E+001	+4.84574999655753E+001
+1.12735927918912E+004	+3.09011150484988E+001	+4.84223716572334E+001
+1.14559345217196E+004	+3.09858747224347E+001	+4.85434609908500E+001
+1.16412254893865E+004	+3.10694411621637E+001	+4.85505774264919E+001
+1.18295133965552E+004	+3.11691091037603E+001	+4.86864956092039E+001
+1.20208467164272E+004	+3.12645347828838E+001	+4.87670269955737E+001
+1.22152747062205E+004	+3.13874633053834E+001	+4.88081819161795E+001
+1.24128474198512E+004	+3.14043581899916E+001	+4.85672504589569E+001
+1.26136157208191E+004	+3.15428046668557E+001	+4.88568396558228E+001
+1.28176312953022E+004	+3.16714740116077E+001	+4.87731184485058E+001
+1.30249466654626E+004	+3.17904362789070E+001	+4.83944976773810E+001
+1.32356152029684E+004	+3.18219815107401E+001	+4.77820922450699E+001
+1.34496911427335E+004	+3.18131976668109E+001	+4.77274121476867E+001
+1.36672295968799E+004	+3.18348282716223E+001	+4.80549273420035E+001
+1.38882865689261E+004	+3.19098551317867E+001	+4.83599175820424E+001
+1.41129189682046E+004	+3.19868681562167E+001	+4.85326283210904E+001
+1.43411846245127E+004	+3.20719148666897E+001	+4.87002337564460E+001
+1.45731423030004E+004	+3.21502891588368E+001	+4.87746133200861E+001
+1.48088517192990E+004	+3.22333954217754E+001	+4.89543507492060E+001
+1.50483735548945E+004	+3.23181048152098E+001	+4.90984428234731E+001
+1.52917694727493E+004	+3.24194828422525E+001	+4.91520452981617E+001
+1.55391021331772E+004	+3.25240916136885E+001	+4.91451861878299E+001
+1.57904352099744E+004	+3.26126213716726E+001	+4.91333956088730E+001
+1.60458334068120E+004	+3.26930272496492E+001	+4.90912416724165E+001
+1.63053624738936E+004	+3.27717266120016E+001	+4.90772783742762E+001
+1.65690892248818E+004	+3.28507825498234E+001	+4.90791758475923E+001
+1.68370815540991E+004	+3.29310626165542E+001	+4.90529421821030E+001
+1.71094084540068E+004	+3.30093590950809E+001	+4.90310566013446E+001
+1.73861400329661E+004	+3.30637089428757E+001	+4.90223084437034E+001
+1.76673475332877E+004	+3.31254677222848E+001	+4.91583548245661E+001
+1.79531033495717E+004	+3.32086031062134E+001	+4.93023208909649E+001
+1.82434810473456E+004	+3.33024470208013E+001	+4.93766330767416E+001
+1.85385553820029E+004	+3.33888702374119E+001	+4.93731874300893E+001
+1.88384023180486E+004	+3.34739731112975E+001	+4.93822203416922E+001
+1.91430990486550E+004	+3.35596469478190E+001	+4.92568846189021E+001
+1.94527240155351E+004	+3.36116866324176E+001	+4.92599687195774E+001
+1.97673569291364E+004	+3.36754354526035E+001	+4.93451984344203E+001
+2.00870787891620E+004	+3.37521336841813E+001	+4.94804167642697E+001
+2.04119719054231E+004	+3.38348683201655E+001	+4.96912638982861E+001
+2.07421199190290E+004	+3.39174968222948E+001	+4.97433947984460E+001
+2.10776078239199E+004	+3.40132756903426E+001	+4.98383761806970E+001
+2.14185219887480E+004	+3.41098276627736E+001	+4.98401318376719E+001
+2.17649501791121E+004	+3.41908747160479E+001	+4.97733079965386E+001
+2.21169815801526E+004	+3.42784655235816E+001	+4.98259947347512E+001
+2.24747068195110E+004	+3.43577896844143E+001	+4.97115327630025E+001
+2.28382179906617E+004	+3.44167879558503E+001	+4.97392321688129E+001
+2.32076086766204E+004	+3.44942808398577E+001	+4.97967644076713E+001
+2.35829739740366E+004	+3.45713272797407E+001	+4.98883034720076E+001
+2.39644105176749E+004	+3.46553970148529E+001	+4.99345851577579E+001
+2.43520165052936E+004	+3.47382228900731E+001	+4.99511685724346E+001
+2.47458917229243E+004	+3.48214692255925E+001	+4.98820281038762E+001
+2.51461375705613E+004	+3.48858519827520E+001	+5.00364503153634E+001
+2.55528570882663E+004	+3.49725414033033E+001	+5.01071247289756E+001
+2.59661549826949E+004	+3.50572448452363E+001	+5.01501708374689E+001
+2.63861376540527E+004	+3.51407478232270E+001	+5.01946717620002E+001
+2.68129132234871E+004	+3.52198281391452E+001	+5.02014081155135E+001
+2.72465915609224E+004	+3.53075091132025E+001	+5.02497747004931E+001
+2.76872843133448E+004	+3.53877656536310E+001	+5.02568020130001E+001
+2.81351049335449E+004	+3.54723214019594E+001	+5.03028141182526E+001
+2.85901687093251E+004	+3.55577678248843E+001	+5.03243029269492E+001
+2.90525927931802E+004	+3.56339561647777E+001	+5.02929617540733E+001
+2.95224962324564E+004	+3.57172009990850E+001	+5.03576452016912E+001
+3.00000000000000E+004	+3.58010303955590E+001	+5.03984256396177E+001
