Frequency	Imp. Mag	Imp. Angle
+1.00000000000000E+001	+1.55698504562484E+001	+5.67443745156624E+000
+1.01617423417667E+001	+1.55717553963063E+001	+5.76448580010267E+000
+1.03261007420454E+001	+1.55739402520256E+001	+5.85720734408175E+000
+1.04931175135791E+001	+1.55762434496044E+001	+5.94969803192298E+000
+1.06628356534870E+001	+1.55785720616142E+001	+6.04582828735655E+000
+1.08352988543338E+001	+1.55809507505769E+001	+6.14192372236494E+000
+1.10105515153780E+001	+1.55835053657066E+001	+6.24353762068937E+000
+1.11886387540020E+001	+1.55856641655872E+001	+6.34260265160265E+000
+1.13696064173274E+001	+1.55884663850994E+001	+6.44917234966431E+000
+1.15535010940178E+001	+1.55909085003413E+001	+6.55746452246730E+000
+1.17403701262728E+001	+1.55941074221406E+001	+6.65394311363275E+000
+1.19302616220159E+001	+1.55969904987035E+001	+6.76068398663807E+000
+1.21232244672793E+001	+1.55992016685594E+001	+6.87353768184270E+000
+1.23193083387894E+001	+1.56023068973205E+001	+6.98293578046095E+000
+1.25185637167555E+001	+1.56052494828461E+001	+7.09975530617976E+000
+1.27210418978659E+001	+1.56084652173791E+001	+7.21562119623734E+000
+1.29267950084932E+001	+1.56116308387065E+001	+7.33243707708254E+000
+1.31358760181143E+001	+1.56151769561398E+001	+7.45143412329118E+000
+1.33483387529470E+001	+1.56180644329412E+001	+7.57413988544810E+000
+1.35642379098066E+001	+1.56220682145559E+001	+7.69413430148737E+000
+1.37836290701879E+001	+1.56261620988535E+001	+7.82265958578229E+000
+1.40065687145734E+001	+1.56294915618581E+001	+7.95724308312830E+000
+1.42331142369745E+001	+1.56328083481558E+001	+8.08481581078430E+000
+1.44633239597066E+001	+1.56375351739397E+001	+8.21545385819300E+000
+1.46972571484039E+001	+1.56423423026044E+001	+8.34884151435693E+000
+1.49349740272769E+001	+1.56453723449264E+001	+8.49548940989341E+000
+1.51765357946165E+001	+1.56502016776962E+001	+8.62680818769018E+000
+1.54220046385492E+001	+1.56542578069817E+001	+8.77953389201373E+000
+1.56714437530468E+001	+1.56590747662889E+001	+8.91512600928373E+000
+1.59249173541951E+001	+1.56639533615249E+001	+9.05863982573847E+000
+1.61824906967259E+001	+1.56702230654259E+001	+9.22477968922838E+000
+1.64442300908165E+001	+1.56749674945145E+001	+9.36959681417247E+000
+1.67102029191604E+001	+1.56799184955308E+001	+9.52948349977592E+000
+1.69804776543145E+001	+1.56848739945161E+001	+9.68499130520962E+000
+1.72551238763271E+001	+1.56910935147605E+001	+9.83624720836939E+000
+1.75342122906502E+001	+1.56982347636479E+001	+1.00105433720227E+001
+1.78178147463426E+001	+1.57040804160154E+001	+1.01895322564689E+001
+1.81060042545664E+001	+1.57081985372940E+001	+1.03697646664846E+001
+1.83988550073835E+001	+1.57137896487873E+001	+1.05521893826850E+001
+1.86964423968555E+001	+1.57229406374241E+001	+1.07351406089792E+001
+1.89988430344528E+001	+1.57292910700479E+001	+1.09142751612550E+001
+1.93061347707778E+001	+1.57343411464578E+001	+1.10984074088518E+001
+1.96183967156067E+001	+1.57464077551217E+001	+1.12993723042717E+001
+1.99357092582557E+001	+1.57562011021925E+001	+1.14755756653457E+001
+2.02581540882767E+001	+1.57634622389481E+001	+1.16615812138291E+001
+2.05858142164875E+001	+1.57664134979974E+001	+1.18628759015055E+001
+2.09187739963423E+001	+1.57775421229090E+001	+1.21073366992443E+001
+2.12571191456480E+001	+1.57903921929904E+001	+1.22914656861679E+001
+2.16009367686310E+001	+1.57927534712174E+001	+1.25035398998203E+001
+2.19503153783622E+001	+1.58085079007700E+001	+1.27508577058948E+001
+2.23053449195436E+001	+1.58150361289731E+001	+1.29309245596727E+001
+2.26661167916636E+001	+1.58231071113277E+001	+1.31956362191504E+001
+2.30327238725277E+001	+1.58339186062847E+001	+1.33995126524644E+001
+2.34052605421685E+001	+1.58539977471965E+001	+1.36695827321177E+001
+2.37838227071435E+001	+1.58540186719938E+001	+1.39121111242447E+001
+2.41685078252252E+001	+1.58688165113359E+001	+1.41405373764943E+001
+2.45594149304910E+001	+1.58846202955879E+001	+1.44057897873196E+001
+2.49566446588187E+001	+1.58920056430787E+001	+1.46937383400737E+001
+2.53602992737943E+001	+1.59061984712250E+001	+1.49394760281396E+001
+2.57704826930390E+001	+1.59292691862499E+001	+1.51929207714508E+001
+2.61873005149620E+001	+1.59404520465787E+001	+1.55020453263057E+001
+2.66108600459458E+001	+1.59513990036389E+001	+1.58004169502023E+001
+2.70412703279715E+001	+1.59643108545287E+001	+1.61062240435341E+001
+2.74786421666906E+001	+1.59830383976440E+001	+1.63712034134960E+001
+2.79230881599516E+001	+1.59989565259447E+001	+1.67138771490219E+001
+2.83747227267864E+001	+1.60189282411171E+001	+1.70287621676806E+001
+2.88336621368674E+001	+1.60399149387434E+001	+1.73780556847613E+001
+2.93000245404400E+001	+1.60642028916384E+001	+1.76696223015151E+001
+2.97739299987392E+001	+1.60813295499210E+001	+1.80004789755104E+001
+3.02555005148986E+001	+1.60987747104654E+001	+1.84088989705938E+001
+3.07448600653588E+001	+1.61301894741128E+001	+1.87524261739587E+001
+3.12421346317848E+001	+1.61486299820161E+001	+1.91170983982816E+001
+3.17474522334983E+001	+1.61807147180546E+001	+1.94606916098075E+001
+3.22609429604355E+001	+1.61992058800735E+001	+1.99212737624275E+001
+3.27827390066377E+001	+1.62325539549712E+001	+2.02611280910771E+001
+3.33129747042836E+001	+1.62601963313370E+001	+2.07556180825728E+001
+3.38517865582721E+001	+1.62878114144856E+001	+2.11692426991371E+001
+3.43993132813642E+001	+1.63273122268787E+001	+2.16159084867990E+001
+3.49556958298935E+001	+1.63584401566077E+001	+2.21056248437795E+001
+3.55210774400546E+001	+1.63932901060901E+001	+2.25603354797061E+001
+3.60956036647776E+001	+1.64255871112040E+001	+2.30319209708530E+001
+3.66794224111999E+001	+1.64702412305723E+001	+2.35245773863222E+001
+3.72726839787436E+001	+1.65140371889167E+001	+2.41047805682464E+001
+3.78755410978087E+001	+1.65564696362425E+001	+2.46404551247423E+001
+3.84881489690927E+001	+1.66141507146867E+001	+2.51466316916063E+001
+3.91106653035453E+001	+1.66627816188103E+001	+2.56983394664703E+001
+3.97432503629701E+001	+1.67140014843738E+001	+2.63123835384935E+001
+4.03860670012827E+001	+1.67767064063392E+001	+2.69468733061815E+001
+4.10392807064361E+001	+1.68348297953085E+001	+2.75166210972245E+001
+4.17030596430240E+001	+1.68982353179432E+001	+2.82181445764245E+001
+4.23775746955738E+001	+1.69604744609652E+001	+2.88881545114541E+001
+4.30629995125393E+001	+1.70442252334719E+001	+2.95999816112216E+001
+4.37595105510048E+001	+1.71171850381478E+001	+3.03685606359312E+001
+4.44672871221131E+001	+1.72059493242001E+001	+3.11226728401993E+001
+4.51865114372273E+001	+1.72991988740462E+001	+3.19034963688106E+001
+4.59173686548397E+001	+1.74012712264460E+001	+3.27186586813626E+001
+4.66600469282395E+001	+1.75046504843126E+001	+3.36065028835851E+001
+4.74147374539511E+001	+1.76192635011481E+001	+3.45103914373612E+001
+4.81816345209566E+001	+1.77516361302412E+001	+3.54362744976224E+001
+4.89609355607132E+001	+1.78852060909036E+001	+3.63877383475003E+001
+4.97528411979809E+001	+1.80348283250973E+001	+3.74641360755099E+001
+5.05575553024716E+001	+1.81905752104558E+001	+3.84681912213043E+001
+5.13752850413336E+001	+1.83744928743303E+001	+3.96435391816678E+001
+5.22062409324852E+001	+1.85739198897559E+001	+4.07843996393675E+001
+5.30506368988108E+001	+1.87875581178648E+001	+4.19251796947179E+001
+5.39086903232335E+001	+1.90355799202539E+001	+4.32069525869468E+001
+5.47806221046790E+001	+1.92977032079096E+001	+4.44716857197858E+001
+5.56666567149436E+001	+1.95915984891084E+001	+4.57711760001025E+001
+5.65670222564833E+001	+1.99062763255556E+001	+4.71021410203954E+001
+5.74819505211364E+001	+2.02422291273302E+001	+4.84043764294873E+001
+5.84116770497969E+001	+2.06222007656064E+001	+4.97955534330120E+001
+5.93564411930522E+001	+2.10369950126380E+001	+5.13395522480888E+001
+6.03164861728023E+001	+2.15483595515211E+001	+5.26723066933100E+001
+6.12920591448749E+001	+2.21332258734440E+001	+5.37707272884308E+001
+6.22834112626543E+001	+2.27802675093935E+001	+5.45800367706125E+001
+6.32907977417382E+001	+2.34532737901490E+001	+5.53366703654270E+001
+6.43144779256412E+001	+2.42269506329114E+001	+5.61180023837746E+001
+6.53547153525606E+001	+2.51527749677603E+001	+5.67449153699324E+001
+6.64117778232225E+001	+2.62441718287618E+001	+5.67191710564419E+001
+6.74859374698241E+001	+2.75153818184197E+001	+5.59722841866618E+001
+6.85774708260930E+001	+2.89940816796004E+001	+5.37647668255483E+001
+6.96866588984778E+001	+3.07168993283589E+001	+4.95179873193071E+001
+7.08137872384914E+001	+3.26539535882855E+001	+4.20880620640352E+001
+7.19591460162235E+001	+3.57370947210131E+001	+2.38190491637448E+001
+7.31230300950429E+001	+3.67504275079608E+001	+7.91654999340953E+000
+7.43057391075077E+001	+3.68752286330368E+001	-1.81924152442044E+001
+7.55075775325029E+001	+3.52168436162943E+001	-4.33418179117747E+001
+7.67288547736265E+001	+3.25156076969263E+001	-5.89864623998317E+001
+7.79698852388427E+001	+2.94858329014436E+001	-6.46738595791458E+001
+7.92309884214237E+001	+2.74200032221520E+001	-6.17134786955000E+001
+8.05124889822006E+001	+2.63765119746215E+001	-6.09536948515498E+001
+8.18147168331452E+001	+2.49663303327732E+001	-6.13126367965180E+001
+8.31380072223022E+001	+2.39051025164316E+001	-5.88499477592176E+001
+8.44827008200972E+001	+2.30385898716254E+001	-5.73004147668653E+001
+8.58491438070388E+001	+2.22422767867525E+001	-5.54396819823126E+001
+8.72376879628403E+001	+2.15681348849087E+001	-5.36111995710706E+001
+8.86486907569824E+001	+2.09410209117653E+001	-5.15090330252192E+001
+9.00825154407409E+001	+2.04127254057019E+001	-4.96677618206113E+001
+9.15395311407027E+001	+1.99094650183759E+001	-4.76071939651879E+001
+9.30201129537948E+001	+1.95012911651055E+001	-4.53579175701492E+001
+9.45246420438496E+001	+1.91400259374582E+001	-4.32579893715483E+001
+9.60535057397325E+001	+1.88403008555283E+001	-4.11532980728661E+001
+9.76070976350569E+001	+1.86148483620089E+001	-3.92076560504019E+001
+9.91858176895112E+001	+1.84327236867947E+001	-3.75892175061821E+001
+1.00790072331826E+002	+1.82112632490101E+001	-3.70037839566067E+001
+1.02420274564404E+002	+1.79832502426178E+001	-3.55499659644962E+001
+1.04076844069647E+002	+1.77938437400612E+001	-3.40193583411454E+001
+1.05760207317998E+002	+1.76243429758841E+001	-3.26854208701043E+001
+1.07470797677732E+002	+1.74631439955136E+001	-3.13274955334502E+001
+1.09209055526525E+002	+1.73224217399691E+001	-3.00435101328160E+001
+1.10975428364824E+002	+1.71890694545661E+001	-2.88037135261076E+001
+1.12770370931053E+002	+1.70702821887285E+001	-2.75939232930027E+001
+1.14594345318681E+002	+1.69606164350373E+001	-2.64400731911836E+001
+1.16447821095188E+002	+1.68644873318259E+001	-2.52714130976259E+001
+1.18331275422944E+002	+1.67710891372191E+001	-2.41771850897766E+001
+1.20245193182059E+002	+1.66954776502395E+001	-2.31256759027903E+001
+1.22190067095204E+002	+1.66246939085723E+001	-2.21063263668186E+001
+1.24166397854464E+002	+1.65654042518660E+001	-2.11377258855843E+001
+1.26174694250236E+002	+1.65052943593150E+001	-2.02650977433067E+001
+1.28215473302209E+002	+1.64483997402733E+001	-1.93487563083817E+001
+1.30289260392471E+002	+1.63969620893328E+001	-1.84703916108676E+001
+1.32396589400763E+002	+1.63532357129113E+001	-1.76435526376920E+001
+1.34538002841924E+002	+1.63041589282557E+001	-1.68293388717957E+001
+1.36714052005550E+002	+1.62698965307517E+001	-1.60079231970190E+001
+1.38925297097929E+002	+1.62394454740191E+001	-1.52466124705545E+001
+1.41172307386254E+002	+1.62064934096272E+001	-1.44841729850101E+001
+1.43455661345180E+002	+1.61759920169297E+001	-1.37481652465475E+001
+1.45775946805746E+002	+1.61524837803254E+001	-1.30273242709952E+001
+1.48133761106707E+002	+1.61353646672988E+001	-1.23055063657495E+001
+1.50529711248318E+002	+1.61186392442585E+001	-1.16339861321838E+001
+1.52964414048594E+002	+1.61030883984650E+001	-1.09911464153304E+001
+1.55438496302113E+002	+1.60918213674449E+001	-1.03546521387224E+001
+1.57952594941372E+002	+1.60851884315765E+001	-9.72908303755585E+000
+1.60507357200766E+002	+1.60819201305794E+001	-9.19118540853998E+000
+1.63103440783210E+002	+1.60674763142203E+001	-8.71400962289163E+000
+1.65741514029458E+002	+1.60484330729068E+001	-8.16049079182734E+000
+1.68422256090166E+002	+1.60281979808393E+001	-7.59176286676159E+000
+1.71146357100731E+002	+1.60189623294273E+001	-6.92583090365343E+000
+1.73914518358962E+002	+1.60275986943963E+001	-6.32487108596668E+000
+1.76727452505622E+002	+1.60398173471520E+001	-5.78232184209572E+000
+1.79585883707894E+002	+1.60586330523149E+001	-5.32911979172019E+000
+1.82490547845809E+002	+1.60655390412885E+001	-5.00814668738276E+000
+1.85442192701696E+002	+1.60456681805130E+001	-4.62105434000487E+000
+1.88441578152688E+002	+1.60425622311726E+001	-4.10180109710459E+000
+1.91489476366350E+002	+1.60414582785580E+001	-3.73190475178997E+000
+1.94586671999467E+002	+1.60194523568230E+001	-3.24479405320859E+000
+1.97733962400045E+002	+1.60227163028132E+001	-2.67647197600847E+000
+2.00932157812583E+002	+1.60445902876193E+001	-2.21395890680081E+000
+2.04182081586668E+002	+1.60549504358534E+001	-1.84639745608736E+000
+2.07484570388930E+002	+1.60551176162567E+001	-1.48561395579512E+000
+2.10840474418446E+002	+1.60570384907480E+001	-1.07357114364988E+000
+2.14250657625609E+002	+1.60566465622609E+001	-7.18300252861072E-001
+2.17715997934551E+002	+1.60528234310884E+001	-3.55519344413451E-001
+2.21237387469152E+002	+1.60385388532349E+001	+8.27159768854612E-002
+2.24815732782712E+002	+1.60483447100854E+001	+6.24848348697177E-001
+2.28451955091338E+002	+1.60536249068328E+001	+1.01150631809675E+000
+2.32146990511103E+002	+1.60692138487847E+001	+1.44610138541755E+000
+2.35901790299039E+002	+1.60798489622482E+001	+1.80494762227220E+000
+2.39717321098031E+002	+1.60798498379549E+001	+2.20858259659137E+000
+2.43594565185673E+002	+1.60838621523799E+001	+2.66226360215576E+000
+2.47534520727150E+002	+1.61007729999466E+001	+3.07243444718916E+000
+2.51538202032201E+002	+1.61100437016503E+001	+3.45842467497281E+000
+2.55606639816247E+002	+1.61238355660135E+001	+3.87862001255133E+000
+2.59740881465746E+002	+1.61371410381908E+001	+4.27935156031266E+000
+2.63941991307827E+002	+1.61493528639927E+001	+4.68850052050693E+000
+2.68211050884297E+002	+1.61655203119246E+001	+5.07498750305850E+000
+2.72549159230069E+002	+1.61830788901760E+001	+5.53715055085908E+000
+2.76957433156110E+002	+1.62077666844482E+001	+5.93013828694128E+000
+2.81437007536946E+002	+1.62408953746538E+001	+6.30302158867253E+000
+2.85989035602829E+002	+1.62687099747776E+001	+6.62185978155985E+000
+2.90614689236629E+002	+1.62963487619552E+001	+6.92325405816556E+000
+2.95315159275522E+002	+1.63212149059758E+001	+7.20115771487906E+000
+3.00091655817564E+002	+1.63356814207083E+001	+7.41553046413543E+000
+3.04945408533221E+002	+1.63472388549205E+001	+7.68448333346133E+000
+3.09877666981937E+002	+1.63471531534608E+001	+7.99724017679150E+000
+3.14889700933823E+002	+1.63565121191632E+001	+8.42081064792343E+000
+3.19982800696547E+002	+1.63751507620398E+001	+8.81057384457839E+000
+3.25158277447519E+002	+1.64039909914876E+001	+9.19759043798144E+000
+3.30417463571437E+002	+1.64327370184352E+001	+9.49517918278546E+000
+3.35761713003303E+002	+1.64445740523730E+001	+9.73475636330699E+000
+3.41192401576977E+002	+1.64524150416831E+001	+1.01080813896449E+001
+3.46710927379383E+002	+1.64686156863875E+001	+1.04993345052240E+001
+3.52318711110427E+002	+1.64819078148738E+001	+1.08875233981283E+001
+3.58017196448748E+002	+1.65245207148444E+001	+1.13978762862555E+001
+3.63807850423385E+002	+1.65544400349837E+001	+1.15739985764120E+001
+3.69692163791442E+002	+1.65585058756376E+001	+1.19097484891315E+001
+3.75671651421885E+002	+1.65720756814347E+001	+1.24453557815014E+001
+3.81747852685518E+002	+1.66141854385232E+001	+1.28699913179967E+001
+3.87922331851293E+002	+1.66531607996178E+001	+1.33070240133596E+001
+3.94196678489015E+002	+1.66948065472659E+001	+1.37778649086996E+001
+4.00572507878561E+002	+1.67567288637614E+001	+1.41378568360628E+001
+4.07051461425724E+002	+1.68155943534383E+001	+1.43562496876884E+001
+4.13635207084779E+002	+1.68423784039058E+001	+1.45794753547571E+001
+4.20325439787883E+002	+1.68778737229970E+001	+1.48582890075571E+001
+4.27123881881423E+002	+1.69309706902117E+001	+1.52044877515070E+001
+4.34032283569420E+002	+1.69654105144994E+001	+1.53952540031207E+001
+4.41052423364106E+002	+1.69734635901038E+001	+1.56011605444680E+001
+4.48186108543784E+002	+1.70179991925714E+001	+1.60961027392388E+001
+4.55435175618101E+002	+1.70679814175905E+001	+1.65657597115962E+001
+4.62801490800840E+002	+1.71254711185975E+001	+1.67260794174100E+001
+4.70286950490363E+002	+1.71560451258383E+001	+1.71037186032582E+001
+4.77893481757826E+002	+1.72207463280085E+001	+1.75807320322362E+001
+4.85623042843280E+002	+1.72868053763438E+001	+1.79309953935056E+001
+4.93477623659813E+002	+1.74099860537586E+001	+1.82796835061251E+001
+5.01459246305832E+002	+1.75130648022593E+001	+1.82495817018976E+001
+5.09569965585639E+002	+1.75914782288569E+001	+1.75885738679457E+001
+5.17811869538417E+002	+1.75493780987012E+001	+1.75847520985357E+001
+5.26187079975790E+002	+1.75722313831958E+001	+1.79930799427415E+001
+5.34697753028055E+002	+1.75736420935970E+001	+1.75297670099658E+001
+5.43346079699269E+002	+1.75839415516508E+001	+1.85815592245203E+001
+5.52134286431300E+002	+1.76630242739575E+001	+1.91514280761317E+001
+5.61064635677007E+002	+1.78091372163432E+001	+1.91148670469909E+001
+5.70139426482694E+002	+1.79030615782550E+001	+1.86625968078518E+001
+5.79360995079976E+002	+1.78840440486879E+001	+1.81886044283917E+001
+5.88731715487227E+002	+1.78837114405883E+001	+1.80832375675017E+001
+5.98254000120749E+002	+1.77797500774473E+001	+1.79542718923894E+001
+6.07930300415830E+002	+1.77802050550799E+001	+1.89931270075483E+001
+6.17763107457848E+002	+1.78959492039982E+001	+1.93192862002467E+001
+6.27754952623577E+002	+1.79531432952126E+001	+1.95610108090455E+001
+6.37908408232874E+002	+1.80093396581352E+001	+1.96552078585599E+001
+6.48226088210898E+002	+1.80993787658300E+001	+1.91894160335619E+001
+6.58710648761046E+002	+1.79544564413455E+001	+1.87160094336477E+001
+6.69364789048773E+002	+1.79800616747174E+001	+1.94327929740767E+001
+6.80191251896463E+002	+1.79146941219034E+001	+2.00356296723602E+001
+6.91192824489558E+002	+1.80186036888025E+001	+2.03244361122196E+001
+7.02372339094084E+002	+1.79939214140822E+001	+2.07722180647917E+001
+7.13732673785806E+002	+1.81212427688912E+001	+2.13690089476289E+001
+7.25276753191156E+002	+1.82014474680507E+001	+2.10293368756494E+001
+7.37007549240163E+002	+1.82075403295577E+001	+2.08056588646423E+001
+7.48928081931547E+002	+1.81555018304276E+001	+2.10373574905594E+001
+7.61041420110189E+002	+1.81494124340357E+001	+2.18630921824591E+001
+7.73350682257196E+002	+1.82219770268457E+001	+2.22878128511435E+001
+7.85859037292710E+002	+1.82902483883652E+001	+2.23751679147349E+001
+7.98569705391733E+002	+1.83821685925265E+001	+2.25648517465974E+001
+8.11485958813132E+002	+1.83314652382479E+001	+2.23485642671475E+001
+8.24611122742053E+002	+1.83216219220990E+001	+2.32306737104715E+001
+8.37948576145968E+002	+1.84371814167625E+001	+2.39935344598361E+001
+8.51501752644558E+002	+1.86131784449162E+001	+2.42601995392638E+001
+8.65274141393675E+002	+1.87424451536874E+001	+2.36630705322926E+001
+8.79269287983591E+002	+1.87899237195696E+001	+2.27629764603296E+001
+8.93490795351790E+002	+1.86889359706042E+001	+2.17106410863107E+001
+9.07942324710507E+002	+1.84836391227554E+001	+2.20926596409099E+001
+9.22627596489282E+002	+1.84521447637023E+001	+2.33383388276727E+001
+9.37550391292757E+002	+1.85024781746839E+001	+2.39992793562153E+001
+9.52714550873953E+002	+1.85307162557238E+001	+2.44399315534998E+001
+9.68123979123307E+002	+1.85490287847751E+001	+2.48165903464382E+001
+9.83782643073695E+002	+1.85602184192150E+001	+2.55569234944524E+001
+9.99694573921710E+002	+1.86264971071708E+001	+2.62638202047139E+001
+1.01586386806546E+003	+1.87407419921973E+001	+2.66661679126911E+001
+1.03229468815917E+003	+1.87949391226477E+001	+2.69396035339940E+001
+1.04899126418479E+003	+1.88560169389534E+001	+2.71312011575777E+001
+1.06595789454099E+003	+1.89182223839414E+001	+2.75050891546410E+001
+1.08319894714976E+003	+1.89710495293160E+001	+2.75688815309586E+001
+1.10071886058088E+003	+1.89797502282117E+001	+2.78680526842018E+001
+1.11852214519460E+003	+1.89926232384739E+001	+2.84014895006160E+001
+1.13661338430276E+003	+1.90440313160253E+001	+2.90523199542709E+001
+1.15499723534881E+003	+1.91024797674363E+001	+2.97993221260938E+001
+1.17367843110675E+003	+1.92091291271141E+001	+3.06594152234097E+001
+1.19266178089957E+003	+1.93736608946768E+001	+3.14413477650405E+001
+1.21195217183740E+003	+1.96025072676501E+001	+3.19645976595566E+001
+1.23155457007562E+003	+1.98927056018798E+001	+3.18293681163669E+001
+1.25147402209337E+003	+2.01846849834852E+001	+3.05828922650951E+001
+1.27171565599272E+003	+2.02534049608870E+001	+2.78219588621960E+001
+1.29228468281889E+003	+1.99926753137822E+001	+2.66679100722087E+001
+1.31318639790172E+003	+1.97243467696339E+001	+2.66437171305637E+001
+1.33442618221900E+003	+1.96295478462941E+001	+2.74158148148242E+001
+1.35600950378168E+003	+1.95692698474363E+001	+2.83546456588919E+001
+1.37794191904164E+003	+1.96003013610048E+001	+2.95580236183112E+001
+1.40022907432206E+003	+1.96634345722696E+001	+3.03051744067198E+001
+1.42287670727113E+003	+1.97264342176017E+001	+3.08188530420768E+001
+1.44589064833906E+003	+1.97776444671636E+001	+3.13941793012327E+001
+1.46927682227915E+003	+1.98603494518435E+001	+3.19171442658411E+001
+1.49304124967304E+003	+1.99300344608698E+001	+3.22667798570911E+001
+1.51719004848068E+003	+1.99801999352647E+001	+3.28248911216671E+001
+1.54172943561531E+003	+2.00836528744083E+001	+3.34888652889890E+001
+1.56666572854402E+003	+2.02223264735645E+001	+3.38639817111785E+001
+1.59200534691405E+003	+2.03279938370776E+001	+3.38731718927540E+001
+1.61775481420554E+003	+2.04048404966373E+001	+3.41726852093261E+001
+1.64392075941093E+003	+2.05309307113568E+001	+3.42530853902438E+001
+1.67050991874153E+003	+2.06066905125743E+001	+3.39605678803283E+001
+1.69752913736171E+003	+2.06077980113461E+001	+3.40747825201787E+001
+1.72498537115111E+003	+2.06598801804476E+001	+3.43591048787448E+001
+1.75288568849544E+003	+2.06616694587079E+001	+3.48700758057900E+001
+1.78123727210609E+003	+2.07751805666677E+001	+3.59062982691874E+001
+1.81004742086934E+003	+2.09755373875767E+001	+3.62447446670278E+001
+1.83932355172536E+003	+2.11158114423184E+001	+3.57845308467471E+001
+1.86907320157763E+003	+2.11791250854421E+001	+3.61351908198317E+001
+1.89930402923328E+003	+2.13436231754727E+001	+3.59805812390558E+001
+1.93002381737478E+003	+2.13841489096611E+001	+3.54607504118143E+001
+1.96124047456355E+003	+2.14517510504540E+001	+3.57900234337883E+001
+1.99296203727590E+003	+2.15289358535944E+001	+3.57236213101959E+001
+2.02519667197201E+003	+2.15838254556702E+001	+3.58744277136105E+001
+2.05795267719829E+003	+2.17038521704726E+001	+3.58473770969086E+001
+2.09123848572380E+003	+2.17374707627967E+001	+3.56605836020731E+001
+2.12506266671116E+003	+2.17872716708242E+001	+3.63251265607638E+001
+2.15943392792264E+003	+2.20061407340983E+001	+3.67782935931949E+001
+2.19436111796190E+003	+2.22256619544726E+001	+3.59336699433242E+001
+2.22985322855199E+003	+2.23302104424881E+001	+3.48737649714194E+001
+2.26591939685019E+003	+2.22823771891840E+001	+3.39109325086766E+001
+2.30256890780030E+003	+2.22259176350915E+001	+3.34071880821097E+001
+2.33981119652298E+003	+2.20612253780027E+001	+3.34560998733023E+001
+2.37765585074473E+003	+2.19586401800345E+001	+3.47130946162246E+001
+2.41611261326620E+003	+2.21145813891239E+001	+3.61832493222808E+001
+2.45519138447036E+003	+2.23400892958372E+001	+3.70026804931130E+001
+2.49490222487133E+003	+2.26835899626037E+001	+3.69028399440786E+001
+2.53525535770429E+003	+2.28664986679306E+001	+3.53730281074003E+001
+2.57626117155745E+003	+2.29732317548470E+001	+3.33075236453134E+001
+2.61793022304647E+003	+2.26832894880636E+001	+3.24831415002562E+001
+2.66027323953220E+003	+2.26964467000428E+001	+3.23339450962211E+001
+2.70330112188232E+003	+2.24590279702695E+001	+3.23876976426324E+001
+2.74702494727769E+003	+2.24984138738727E+001	+3.37115186182750E+001
+2.79145597206411E+003	+2.25622729037425E+001	+3.40624216733749E+001
+2.83660563465014E+003	+2.26197157231704E+001	+3.40801586291982E+001
+2.88248555845182E+003	+2.25980105034690E+001	+3.48211059779063E+001
+2.92910755488509E+003	+2.28178954976530E+001	+3.52368057758313E+001
+2.97648362640644E+003	+2.28729998425598E+001	+3.44774112947427E+001
+3.02462596960296E+003	+2.29173612404892E+001	+3.42153250889862E+001
+3.07354697833215E+003	+2.29128174959450E+001	+3.32859909776282E+001
+3.12325924691268E+003	+2.26762896431442E+001	+3.35907176259931E+001
+3.17377557336669E+003	+2.26851469908485E+001	+3.48956764119105E+001
+3.22510896271451E+003	+2.27599092981052E+001	+3.57625818663003E+001
+3.27727263032273E+003	+2.28568726904790E+001	+3.62400057448864E+001
+3.33028000530635E+003	+2.29627898331819E+001	+3.61533689600588E+001
+3.38414473398605E+003	+2.29460737038343E+001	+3.68910305403445E+001
+3.43888068340128E+003	+2.30445092379019E+001	+3.75933368543069E+001
+3.49450194488023E+003	+2.32630356801895E+001	+3.79348977663860E+001
+3.55102283766755E+003	+2.34315776758195E+001	+3.71655821459972E+001
+3.60845791261068E+003	+2.33592789326059E+001	+3.57038765072696E+001
+3.66682195590589E+003	+2.32294814342151E+001	+3.68919609141757E+001
+3.72612999290486E+003	+2.33206189355535E+001	+3.79031497258570E+001
+3.78639729198281E+003	+2.34694988669724E+001	+3.81523762979117E+001
+3.84763936846924E+003	+2.36310510639815E+001	+3.80898750100807E+001
+3.90987198864223E+003	+2.36987623972795E+001	+3.73406985774765E+001
+3.97311117378733E+003	+2.35941057813382E+001	+3.72763710137519E+001
+4.03737320432210E+003	+2.36403298563242E+001	+3.78739065589668E+001
+4.10267462398741E+003	+2.37413245102088E+001	+3.82261742272665E+001
+4.16903224410645E+003	+2.38910463383114E+001	+3.76889698197285E+001
+4.23646314791271E+003	+2.37807273666790E+001	+3.67105172963704E+001
+4.30498469494787E+003	+2.36170761167393E+001	+3.76371182410821E+001
+4.37461452553093E+003	+2.36576380173457E+001	+3.87143580986769E+001
+4.44537056529952E+003	+2.37235370845469E+001	+3.93423790976318E+001
+4.51727102982474E+003	+2.37903551820338E+001	+3.99888608105533E+001
+4.59033442930060E+003	+2.38739619287012E+001	+4.04972699637399E+001
+4.66457957330934E+003	+2.39588396360036E+001	+4.09657320423761E+001
+4.74002557566374E+003	+2.40536196761972E+001	+4.13828666051967E+001
+4.81669185932792E+003	+2.41477563522649E+001	+4.16992869503744E+001
+4.89459816141754E+003	+2.42346903350825E+001	+4.19553715988840E+001
+4.97376453828100E+003	+2.43225803423412E+001	+4.22641869413230E+001
+5.05421137066276E+003	+2.44138122952075E+001	+4.25073682092412E+001
+5.13595936895024E+003	+2.45036680377113E+001	+4.27228829080376E+001
+5.21902957850549E+003	+2.45860293334908E+001	+4.29100755789895E+001
+5.30344338508320E+003	+2.46681302183575E+001	+4.31502683390644E+001
+5.38922252033623E+003	+2.47556003445402E+001	+4.33971897597387E+001
+5.47638906741032E+003	+2.48492662082566E+001	+4.36015915057050E+001
+5.56496546662916E+003	+2.49424367742545E+001	+4.37946495404052E+001
+5.65497452127149E+003	+2.50400243288744E+001	+4.39259430429754E+001
+5.74643940344163E+003	+2.51283332362825E+001	+4.39850111576602E+001
+5.83938366003493E+003	+2.52080680738356E+001	+4.41269950175842E+001
+5.93383121879974E+003	+2.52974673862661E+001	+4.42233346572677E+001
+6.02980639449743E+003	+2.53814740053473E+001	+4.42733133085082E+001
+6.12733389516200E+003	+2.54525474744577E+001	+4.43171375187633E+001
+6.22643882846098E+003	+2.55195819870478E+001	+4.44528669877162E+001
+6.32714670815921E+003	+2.55932266030406E+001	+4.46238415782538E+001
+6.42948346068711E+003	+2.56736309786097E+001	+4.47957521049868E+001
+6.53347543181528E+003	+2.57580208842201E+001	+4.49453674331248E+001
+6.63914939343696E+003	+2.58459789423395E+001	+4.50478970150947E+001
+6.74653255046029E+003	+2.59268338385847E+001	+4.51103429373780E+001
+6.85565254781195E+003	+2.60011891169009E+001	+4.51868483437457E+001
+6.96653747755414E+003	+2.60734804072401E+001	+4.52808166123486E+001
+7.07921588611663E+003	+2.61455408999867E+001	+4.54112290322604E+001
+7.19371678164587E+003	+2.62241684602654E+001	+4.55502212500833E+001
+7.31006964147283E+003	+2.62984397329966E+001	+4.56441358417534E+001
+7.42830441970176E+003	+2.63737702761089E+001	+4.58201317669754E+001
+7.54845155492159E+003	+2.64557338067736E+001	+4.59596684679548E+001
+7.67054197804213E+003	+2.65380949371756E+001	+4.60903626875681E+001
+7.79460712025695E+003	+2.66209069883074E+001	+4.62018318181265E+001
+7.92067892113511E+003	+2.67021051662070E+001	+4.63031282393053E+001
+8.04878983684374E+003	+2.67829403477152E+001	+4.64114394601455E+001
+8.17897284850364E+003	+2.68637396119176E+001	+4.64751716546932E+001
+8.31126147067994E+003	+2.69361383263574E+001	+4.65936067911776E+001
+8.44568976001024E+003	+2.70188252553938E+001	+4.67320406456660E+001
+8.58229232397213E+003	+2.71032068864936E+001	+4.68443414029920E+001
+8.72110432979268E+003	+2.71889618295311E+001	+4.69304918509968E+001
+8.86216151350190E+003	+2.72703491004139E+001	+4.70021007159179E+001
+9.00550018913273E+003	+2.73502737436369E+001	+4.70880424619386E+001
+9.15115725806979E+003	+2.74326089694493E+001	+4.71666518423692E+001
+9.29917021854932E+003	+2.75119723866647E+001	+4.72288743967537E+001
+9.44957717531284E+003	+2.75897846330587E+001	+4.72898199586539E+001
+9.60241684941685E+003	+2.76648388042910E+001	+4.73820284199496E+001
+9.75772858820129E+003	+2.77424994879404E+001	+4.74949398383501E+001
+9.91555237541923E+003	+2.78243995394702E+001	+4.75986457883996E+001
+1.00759288415303E+004	+2.79067870601285E+001	+4.76904754096509E+001
+1.02388992741606E+004	+2.79897219485174E+001	+4.77774973465678E+001
+1.04045056287322E+004	+2.80727539112893E+001	+4.78608317943081E+001
+1.05727905392638E+004	+2.81563590326193E+001	+4.79285571283567E+001
+1.07437973293467E+004	+2.82414998596008E+001	+4.79920722351421E+001
+1.09175700232982E+004	+2.83219420728096E+001	+4.80328468279656E+001
+1.10941533574952E+004	+2.84079988203730E+001	+4.79564490092678E+001
+1.12735927918912E+004	+2.84742937505930E+001	+4.81339414127007E+001
+1.14559345217196E+004	+2.85540938620755E+001	+4.82256055469302E+001
+1.16412254893865E+004	+2.86465141915862E+001	+4.84009818126201E+001
+1.18295133965552E+004	+2.87328547452014E+001	+4.83541040781144E+001
+1.20208467164272E+004	+2.88139330281818E+001	+4.82938074186767E+001
+1.22152747062205E+004	+2.88949579073634E+001	+4.83647615634856E+001
+1.24128474198512E+004	+2.89776339991104E+001	+4.81880236699645E+001
+1.26136157208191E+004	+2.90076802647363E+001	+4.82167268151835E+001
+1.28176312953022E+004	+2.90705251505348E+001	+4.84708934984012E+001
+1.30249466654626E+004	+2.91497678163104E+001	+4.86633156644652E+001
+1.32356152029684E+004	+2.92408812135047E+001	+4.87764236297933E+001
+1.34496911427335E+004	+2.93266053247939E+001	+4.88790199267535E+001
+1.36672295968799E+004	+2.94155161420517E+001	+4.89298033356345E+001
+1.38882865689261E+004	+2.94915838292052E+001	+4.89730543077921E+001
+1.41129189682046E+004	+2.95712210044094E+001	+4.90578594013037E+001
+1.43411846245127E+004	+2.96517415125420E+001	+4.91431125018982E+001
+1.45731423030004E+004	+2.97324087465047E+001	+4.92359961209438E+001
+1.48088517192990E+004	+2.98210258835988E+001	+4.93264886856526E+001
+1.50483735548945E+004	+2.99138844484884E+001	+4.93303763944329E+001
+1.52917694727493E+004	+2.99974406790042E+001	+4.94197408882913E+001
+1.55391021331772E+004	+3.00811880112044E+001	+4.94355364500956E+001
+1.57904352099744E+004	+3.01653525005544E+001	+4.94505130009837E+001
+1.60458334068120E+004	+3.02397355004570E+001	+4.94631263141465E+001
+1.63053624738936E+004	+3.03104511978638E+001	+4.95482616046011E+001
+1.65690892248818E+004	+3.03884149401089E+001	+4.96742585264748E+001
+1.68370815540991E+004	+3.04804875866223E+001	+4.97532823763851E+001
+1.71094084540068E+004	+3.05705019922187E+001	+4.98205581669141E+001
+1.73861400329661E+004	+3.06567343689592E+001	+4.98726327146627E+001
+1.76673475332877E+004	+3.07489457201320E+001	+4.99352401086819E+001
+1.79531033495717E+004	+3.08442338247178E+001	+4.99787778401480E+001
+1.82434810473456E+004	+3.09437807981364E+001	+4.99787653174219E+001
+1.85385553820029E+004	+3.10532939118782E+001	+4.99364568597106E+001
+1.88384023180486E+004	+3.11594953327677E+001	+4.98032160919881E+001
+1.91430990486550E+004	+3.12647805094202E+001	+4.94317312179284E+001
+1.94527240155351E+004	+3.13150968628746E+001	+4.87791529803875E+001
+1.97673569291364E+004	+3.12966662324137E+001	+4.85902409404863E+001
+2.00870787891620E+004	+3.12766694788404E+001	+4.87668484530658E+001
+2.04119719054231E+004	+3.13134888270337E+001	+4.91858358920902E+001
+2.07421199190290E+004	+3.13943248319260E+001	+4.95949216722808E+001
+2.10776078239199E+004	+3.14778646094568E+001	+4.97729869254810E+001
+2.14185219887480E+004	+3.15612753594574E+001	+4.99665446198185E+001
+2.17649501791121E+004	+3.16435075632933E+001	+5.00828571588903E+001
+2.21169815801526E+004	+3.17197680048890E+001	+5.02187003352710E+001
+2.24747068195110E+004	+3.18074870366658E+001	+5.03804308895284E+001
+2.28382179906617E+004	+3.18905790078313E+001	+5.04763501228574E+001
+2.32076086766204E+004	+3.19772010621143E+001	+5.05943135585956E+001
+2.35829739740366E+004	+3.20613414607195E+001	+5.06854998726819E+001
+2.39644105176749E+004	+3.21514078370351E+001	+5.07705091689201E+001
+2.43520165052936E+004	+3.22355604661217E+001	+5.08477966508502E+001
+2.47458917229243E+004	+3.23217711698325E+001	+5.08965297692070E+001
+2.51461375705613E+004	+3.24106114614130E+001	+5.08490395630861E+001
+2.55528570882663E+004	+3.24794854496044E+001	+5.09894517944094E+001
+2.59661549826949E+004	+3.25633173757586E+001	+5.10678189516076E+001
+2.63861376540527E+004	+3.26510532304415E+001	+5.11669456175449E+001
+2.68129132234871E+004	+3.27350052279361E+001	+5.11638976898940E+001
+2.72465915609224E+004	+3.28133444726059E+001	+5.12200756670495E+001
+2.76872843133448E+004	+3.28931054803176E+001	+5.12934426822151E+001
+2.81351049335449E+004	+3.29769829826125E+001	+5.13616517397124E+001
+2.85901687093251E+004	+3.30605098721562E+001	+5.14288954796592E+001
+2.90525927931802E+004	+3.31438033613331E+001	+5.14803080879948E+001
+2.95224962324564E+004	+3.32271014972938E+001	+5.15490960544835E+001
+3.00000000000000E+004	+3.33103188794846E+001	+5.16045172799757E+001
