Frequency	Imp. Mag	Imp. Angle
+1.00000000000000E+001	+1.56879484466640E+001	+3.33498438222956E+000
+1.01617423417667E+001	+1.56939044286269E+001	+3.29805148347937E+000
+1.03261007420454E+001	+1.56995500286802E+001	+3.36007214699929E+000
+1.04931175135791E+001	+1.56973303788505E+001	+3.40540088722700E+000
+1.06628356534870E+001	+1.56997250528166E+001	+3.44267352715672E+000
+1.08352988543338E+001	+1.57003358170123E+001	+3.48595318804186E+000
+1.10105515153780E+001	+1.56986170688899E+001	+3.55441392368115E+000
+1.11886387540020E+001	+1.57006049636320E+001	+3.59938787887347E+000
+1.13696064173274E+001	+1.57025590555666E+001	+3.62867589338131E+000
+1.15535010940178E+001	+1.57030963458082E+001	+3.67800606940426E+000
+1.17403701262728E+001	+1.57018110673810E+001	+3.74486070715048E+000
+1.19302616220159E+001	+1.57042350863393E+001	+3.78457438770582E+000
+1.21232244672793E+001	+1.57086636205521E+001	+3.83449435182688E+000
+1.23193083387894E+001	+1.57065354013685E+001	+3.90743641388302E+000
+1.25185637167555E+001	+1.57091532008952E+001	+3.94812615724016E+000
+1.27210418978659E+001	+1.57112383353340E+001	+3.99539046905252E+000
+1.29267950084932E+001	+1.57089070691163E+001	+4.04437907444865E+000
+1.31358760181143E+001	+1.57120373662922E+001	+4.10839498004661E+000
+1.33483387529470E+001	+1.57144178310923E+001	+4.15284449927570E+000
+1.35642379098066E+001	+1.57157098385799E+001	+4.21297739181670E+000
+1.37836290701879E+001	+1.57165447820525E+001	+4.27270787627837E+000
+1.40065687145734E+001	+1.57192745658521E+001	+4.31687733309757E+000
+1.42331142369745E+001	+1.57201846208197E+001	+4.41487356761813E+000
+1.44633239597066E+001	+1.57232589872746E+001	+4.49437556817431E+000
+1.46972571484039E+001	+1.57180816256875E+001	+4.51884393853884E+000
+1.49349740272769E+001	+1.57207683055490E+001	+4.60959684693746E+000
+1.51765357946165E+001	+1.57222693065314E+001	+4.67599044759192E+000
+1.54220046385492E+001	+1.57275597099634E+001	+4.74734671992986E+000
+1.56714437530468E+001	+1.57215084540889E+001	+4.80108378788432E+000
+1.59249173541951E+001	+1.57252386737369E+001	+4.89726495057621E+000
+1.61824906967259E+001	+1.57329787429076E+001	+4.95061785801781E+000
+1.64442300908165E+001	+1.57299061290990E+001	+5.02279821337850E+000
+1.67102029191604E+001	+1.57309841742828E+001	+5.10597013166750E+000
+1.69804776543145E+001	+1.57334038564710E+001	+5.17798338538090E+000
+1.72551238763271E+001	+1.57305993392024E+001	+5.24127021828900E+000
+1.75342122906502E+001	+1.57382623822120E+001	+5.35941606442296E+000
+1.78178147463426E+001	+1.57367421848291E+001	+5.43702156633561E+000
+1.81060042545664E+001	+1.57376079543390E+001	+5.51472113137090E+000
+1.83988550073835E+001	+1.57474563594810E+001	+5.57849936569600E+000
+1.86964423968555E+001	+1.57428047910711E+001	+5.68005264762321E+000
+1.89988430344528E+001	+1.57463895572879E+001	+5.74612485233008E+000
+1.93061347707778E+001	+1.57470436940428E+001	+5.87431116436670E+000
+1.96183967156067E+001	+1.57429128751361E+001	+5.98459005071947E+000
+1.99357092582557E+001	+1.57460548815173E+001	+6.03470153677712E+000
+2.02581540882767E+001	+1.57539220191102E+001	+6.11893837435496E+000
+2.05858142164875E+001	+1.57558198271494E+001	+6.18150250592364E+000
+2.09187739963423E+001	+1.57558419128421E+001	+6.32209778083768E+000
+2.12571191456480E+001	+1.57640472006844E+001	+6.44647607789786E+000
+2.16009367686310E+001	+1.57635307535858E+001	+6.54724477915899E+000
+2.19503153783622E+001	+1.57745099104149E+001	+6.65821614991367E+000
+2.23053449195436E+001	+1.57729430979234E+001	+6.81455187496145E+000
+2.26661167916636E+001	+1.57652551990484E+001	+6.81621111704313E+000
+2.30327238725277E+001	+1.57747776010815E+001	+7.00152251103665E+000
+2.34052605421685E+001	+1.57748555165307E+001	+7.11370361845575E+000
+2.37838227071435E+001	+1.57771743271018E+001	+7.21001001875665E+000
+2.41685078252252E+001	+1.57825972167538E+001	+7.23194053751777E+000
+2.45594149304910E+001	+1.57741982106022E+001	+7.44909729117717E+000
+2.49566446588187E+001	+1.57909114646389E+001	+7.51989031278724E+000
+2.53602992737943E+001	+1.57900351844599E+001	+7.69440736935992E+000
+2.57704826930390E+001	+1.57976967951115E+001	+7.83759329316015E+000
+2.61873005149620E+001	+1.57984741677928E+001	+7.94914009405382E+000
+2.66108600459458E+001	+1.58014271351517E+001	+8.10880283719106E+000
+2.70412703279715E+001	+1.58095971907659E+001	+8.22300845143602E+000
+2.74786421666906E+001	+1.58106530778017E+001	+8.38976672579518E+000
+2.79230881599516E+001	+1.58187595659097E+001	+8.51059742525844E+000
+2.83747227267864E+001	+1.58173895545949E+001	+8.67202190596040E+000
+2.88336621368674E+001	+1.58265080436119E+001	+8.77201569569744E+000
+2.93000245404400E+001	+1.58354597923796E+001	+8.93059787482654E+000
+2.97739299987392E+001	+1.58387089139358E+001	+9.13034243557135E+000
+3.02555005148986E+001	+1.58371073863096E+001	+9.27859022675084E+000
+3.07448600653588E+001	+1.58334091698674E+001	+9.44364342675621E+000
+3.12421346317848E+001	+1.58451306409306E+001	+9.66988303266954E+000
+3.17474522334983E+001	+1.58632217169419E+001	+9.81257291786712E+000
+3.22609429604355E+001	+1.58562229834293E+001	+9.95991587144072E+000
+3.27827390066377E+001	+1.58735809039244E+001	+1.01761875207909E+001
+3.33129747042836E+001	+1.58683461205198E+001	+1.03253966543823E+001
+3.38517865582721E+001	+1.58947528094509E+001	+1.04657594456056E+001
+3.43993132813642E+001	+1.58989964709345E+001	+1.07682420790556E+001
+3.49556958298935E+001	+1.58957750356481E+001	+1.09588353607154E+001
+3.55210774400546E+001	+1.58993177984283E+001	+1.10834747368349E+001
+3.60956036647776E+001	+1.59051587564173E+001	+1.12209572939262E+001
+3.66794224111999E+001	+1.59171554679381E+001	+1.14186816326196E+001
+3.72726839787436E+001	+1.59257748015223E+001	+1.16763089491650E+001
+3.78755410978087E+001	+1.59323580986322E+001	+1.19439849437087E+001
+3.84881489690927E+001	+1.59567311895415E+001	+1.21789197674832E+001
+3.91106653035453E+001	+1.59668086657059E+001	+1.23989156768547E+001
+3.97432503629701E+001	+1.59686894682089E+001	+1.25593338430663E+001
+4.03860670012827E+001	+1.59766403107220E+001	+1.29793902625594E+001
+4.10392807064361E+001	+1.59966817921134E+001	+1.31041829693036E+001
+4.17030596430240E+001	+1.60033081275066E+001	+1.34643131412661E+001
+4.23775746955738E+001	+1.60085248814823E+001	+1.36328833368335E+001
+4.30629995125393E+001	+1.60534634297307E+001	+1.39574695298679E+001
+4.37595105510048E+001	+1.60516251324975E+001	+1.42513680358453E+001
+4.44672871221131E+001	+1.60689831517722E+001	+1.44680399607728E+001
+4.51865114372273E+001	+1.60901021895218E+001	+1.48520843496066E+001
+4.59173686548397E+001	+1.61113040823657E+001	+1.51333260934189E+001
+4.66600469282395E+001	+1.61251139658528E+001	+1.54837519827659E+001
+4.74147374539511E+001	+1.61414238821342E+001	+1.56636013933289E+001
+4.81816345209566E+001	+1.61719606832965E+001	+1.60106439325918E+001
+4.89609355607132E+001	+1.61916164555832E+001	+1.64570229391887E+001
+4.97528411979809E+001	+1.62100933528949E+001	+1.66925386232699E+001
+5.05575553024716E+001	+1.62442897600877E+001	+1.69694559099596E+001
+5.13752850413336E+001	+1.62515123055694E+001	+1.74518920504990E+001
+5.22062409324852E+001	+1.62928973360418E+001	+1.77164563682288E+001
+5.30506368988108E+001	+1.63060565731489E+001	+1.80404235574496E+001
+5.39086903232335E+001	+1.63262929926967E+001	+1.84296913950995E+001
+5.47806221046790E+001	+1.63578636121956E+001	+1.90042193128157E+001
+5.56666567149436E+001	+1.63843177447782E+001	+1.94442914846405E+001
+5.65670222564833E+001	+1.64377060148582E+001	+1.99652739840104E+001
+5.74819505211364E+001	+1.64560533875931E+001	+2.03355537209587E+001
+5.84116770497969E+001	+1.65162766152285E+001	+2.08652619375733E+001
+5.93564411930522E+001	+1.65689814967629E+001	+2.12753106859483E+001
+6.03164861728023E+001	+1.66068948519658E+001	+2.15863805363823E+001
+6.12920591448749E+001	+1.66498580360998E+001	+2.21504614144880E+001
+6.22834112626543E+001	+1.67027503079137E+001	+2.24548578342448E+001
+6.32907977417382E+001	+1.67208495501962E+001	+2.31261132981610E+001
+6.43144779256412E+001	+1.67614890570815E+001	+2.36752562283510E+001
+6.53547153525606E+001	+1.68142812351511E+001	+2.44219058700248E+001
+6.64117778232225E+001	+1.68630594039846E+001	+2.50847144347812E+001
+6.74859374698241E+001	+1.69482572613896E+001	+2.58542600229240E+001
+6.85774708260930E+001	+1.70165185878325E+001	+2.66839427869960E+001
+6.96866588984778E+001	+1.71239335405761E+001	+2.73728049053498E+001
+7.08137872384914E+001	+1.72055779794788E+001	+2.81837315175394E+001
+7.19591460162235E+001	+1.73132684664285E+001	+2.88594153744332E+001
+7.31230300950429E+001	+1.74159516584951E+001	+2.95328637392000E+001
+7.43057391075077E+001	+1.75093076027806E+001	+3.02740403175177E+001
+7.55075775325029E+001	+1.75818670017629E+001	+3.12319991937373E+001
+7.67288547736265E+001	+1.76852918405699E+001	+3.23997116375580E+001
+7.79698852388427E+001	+1.78146673029992E+001	+3.38777878183587E+001
+7.92309884214237E+001	+1.80170907030690E+001	+3.52494152851231E+001
+8.05124889822006E+001	+1.82031469606475E+001	+3.65181062866738E+001
+8.18147168331452E+001	+1.84174851874982E+001	+3.81070220439590E+001
+8.31380072223022E+001	+1.86805773804978E+001	+3.96836645057541E+001
+8.44827008200972E+001	+1.90054614558725E+001	+4.13685996369716E+001
+8.58491438070388E+001	+1.93865906738147E+001	+4.29639980262607E+001
+8.72376879628403E+001	+1.98198291901528E+001	+4.44797132897332E+001
+8.86486907569824E+001	+2.03305096459936E+001	+4.58864756339163E+001
+9.00825154407409E+001	+2.08677833435638E+001	+4.72387873702970E+001
+9.15395311407027E+001	+2.15125069932384E+001	+4.87345939967326E+001
+9.30201129537948E+001	+2.22846634128118E+001	+4.97591980118267E+001
+9.45246420438496E+001	+2.31867637331553E+001	+5.05015789840032E+001
+9.60535057397325E+001	+2.42655915765684E+001	+5.05500792702265E+001
+9.76070976350569E+001	+2.55230967926944E+001	+4.91258842477558E+001
+9.91858176895112E+001	+2.69356923982361E+001	+4.61695937953056E+001
+1.00790072331826E+002	+2.91425650960086E+001	+3.76991490988749E+001
+1.02420274564404E+002	+2.99512364010117E+001	+2.37677458165607E+001
+1.04076844069647E+002	+3.03548428822885E+001	+1.65965007508112E+001
+1.05760207317998E+002	+3.19756184852344E+001	-6.63227178947193E-001
+1.07470797677732E+002	+3.03688802942503E+001	-2.39371767597533E+001
+1.09209055526525E+002	+2.83535151151082E+001	-2.86189825216724E+001
+1.10975428364824E+002	+2.74110445231397E+001	-3.40872958826568E+001
+1.12770370931053E+002	+2.65686937643609E+001	-3.77732015254910E+001
+1.14594345318681E+002	+2.49573661076942E+001	-4.49634749937852E+001
+1.16447821095188E+002	+2.31911333203128E+001	-4.41159627803570E+001
+1.18331275422944E+002	+2.25867639543126E+001	-3.57276311532984E+001
+1.20245193182059E+002	+2.28712345854498E+001	-3.95503464475904E+001
+1.22190067095204E+002	+2.14415285204671E+001	-4.56704401270804E+001
+1.24166397854464E+002	+2.06010296168399E+001	-3.52813562529002E+001
+1.26174694250236E+002	+2.06734426778543E+001	-3.78795173954640E+001
+1.28215473302209E+002	+2.03200112456968E+001	-4.00895724525656E+001
+1.30289260392471E+002	+1.92571835627505E+001	-4.06471436196527E+001
+1.32396589400763E+002	+1.85094885444433E+001	-3.53730511707452E+001
+1.34538002841924E+002	+1.83374720407483E+001	-3.32044566783629E+001
+1.36714052005550E+002	+1.80673727571717E+001	-3.20942943823708E+001
+1.38925297097929E+002	+1.77021239896671E+001	-2.97681050821153E+001
+1.41172307386254E+002	+1.75261866389258E+001	-2.82915393200775E+001
+1.43455661345180E+002	+1.73062651352838E+001	-2.63776433961678E+001
+1.45775946805746E+002	+1.71217148344501E+001	-2.48096236050272E+001
+1.48133761106707E+002	+1.69223287540965E+001	-2.28818795497666E+001
+1.50529711248318E+002	+1.68870224259829E+001	-2.11446120369406E+001
+1.52964414048594E+002	+1.68566424017409E+001	-2.01543374367575E+001
+1.55438496302113E+002	+1.67328467850285E+001	-1.91701845280343E+001
+1.57952594941372E+002	+1.66412204525907E+001	-1.81480086454483E+001
+1.60507357200766E+002	+1.65246946380082E+001	-1.66725771291723E+001
+1.63103440783210E+002	+1.65107369755035E+001	-1.57329477876428E+001
+1.65741514029458E+002	+1.64078957138456E+001	-1.49431093818497E+001
+1.68422256090166E+002	+1.63117197635579E+001	-1.34426247233388E+001
+1.71146357100731E+002	+1.63259621620805E+001	-1.21560646720207E+001
+1.73914518358962E+002	+1.63618049209222E+001	-1.13161354007897E+001
+1.76727452505622E+002	+1.63499723969243E+001	-1.08684936246831E+001
+1.79585883707894E+002	+1.62654053166634E+001	-1.02668031145419E+001
+1.82490547845809E+002	+1.62221694397911E+001	-9.05739667368547E+000
+1.85442192701696E+002	+1.62509795668993E+001	-8.23307880100144E+000
+1.88441578152688E+002	+1.62774219231483E+001	-7.77853047995108E+000
+1.91489476366350E+002	+1.62370316361672E+001	-7.20906071868817E+000
+1.94586671999467E+002	+1.62068709658694E+001	-6.65501238205964E+000
+1.97733962400045E+002	+1.61830954687697E+001	-5.75936189511355E+000
+2.00932157812583E+002	+1.61744247414289E+001	-5.10554698679619E+000
+2.04182081586668E+002	+1.62325489641188E+001	-4.51390818220705E+000
+2.07484570388930E+002	+1.61628436797063E+001	-4.16795718914791E+000
+2.10840474418446E+002	+1.61560168702112E+001	-3.21728718479528E+000
+2.14250657625609E+002	+1.62207041140271E+001	-2.55155968839747E+000
+2.17715997934551E+002	+1.62439529825265E+001	-2.30624604699721E+000
+2.21237387469152E+002	+1.62370839818301E+001	-2.05516720917846E+000
+2.24815732782712E+002	+1.62259976689964E+001	-1.68159592789080E+000
+2.28451955091338E+002	+1.62094302893586E+001	-9.79275220526788E-001
+2.32146990511103E+002	+1.62283602266653E+001	-7.71577134849749E-001
+2.35901790299039E+002	+1.62133311022575E+001	-9.06263600979551E-002
+2.39717321098031E+002	+1.62191209475527E+001	+2.29818374894344E-001
+2.43594565185673E+002	+1.62061901760159E+001	+6.21057424593219E-001
+2.47534520727150E+002	+1.62076966882056E+001	+1.13241927775655E+000
+2.51538202032201E+002	+1.61938379025560E+001	+1.67153498942888E+000
+2.55606639816247E+002	+1.62110157253645E+001	+2.13749800872704E+000
+2.59740881465746E+002	+1.61918805583707E+001	+2.71205630477694E+000
+2.63941991307827E+002	+1.62220065858773E+001	+3.22679569070901E+000
+2.68211050884297E+002	+1.62456504710812E+001	+3.61994157770823E+000
+2.72549159230069E+002	+1.62572362115734E+001	+4.09836642242413E+000
+2.76957433156110E+002	+1.62778169732629E+001	+4.69528190525737E+000
+2.81437007536946E+002	+1.63117155562768E+001	+4.99762648243138E+000
+2.85989035602829E+002	+1.63341429470267E+001	+5.49745179137900E+000
+2.90614689236629E+002	+1.63736514532399E+001	+5.87076013807260E+000
+2.95315159275522E+002	+1.64339994687245E+001	+6.23099671110383E+000
+3.00091655817564E+002	+1.64752058981837E+001	+6.33041521509417E+000
+3.04945408533221E+002	+1.64935145347022E+001	+6.13250429512804E+000
+3.09877666981937E+002	+1.64428508908029E+001	+6.37854003326876E+000
+3.14889700933823E+002	+1.64311149249392E+001	+6.80781822362953E+000
+3.19982800696547E+002	+1.64295902875311E+001	+7.29350692817363E+000
+3.25158277447519E+002	+1.64208995180295E+001	+7.68267811070721E+000
+3.30417463571437E+002	+1.64504587145976E+001	+8.17685444921646E+000
+3.35761713003303E+002	+1.64593720715568E+001	+8.54642861673354E+000
+3.41192401576977E+002	+1.64704771739286E+001	+8.95842986946538E+000
+3.46710927379383E+002	+1.64983734268082E+001	+9.33805314187337E+000
+3.52318711110427E+002	+1.64990408625900E+001	+9.75339411318999E+000
+3.58017196448748E+002	+1.65661292339546E+001	+1.02679181135606E+001
+3.63807850423385E+002	+1.65908923708701E+001	+1.03329352539935E+001
+3.69692163791442E+002	+1.65824294457976E+001	+1.06037228408608E+001
+3.75671651421885E+002	+1.65766619936290E+001	+1.11103307796679E+001
+3.81747852685518E+002	+1.66054221520671E+001	+1.15842143270776E+001
+3.87922331851293E+002	+1.66392158525579E+001	+1.19283968411277E+001
+3.94196678489015E+002	+1.66743720971512E+001	+1.24755947544344E+001
+4.00572507878561E+002	+1.67126939107318E+001	+1.27650862294316E+001
+4.07051461425724E+002	+1.67376343216912E+001	+1.30077407403465E+001
+4.13635207084779E+002	+1.67499788567954E+001	+1.34797827726377E+001
+4.20325439787883E+002	+1.67892429592017E+001	+1.37892338389220E+001
+4.27123881881423E+002	+1.68374994683453E+001	+1.41861674974580E+001
+4.34032283569420E+002	+1.68584838953571E+001	+1.44545579327943E+001
+4.41052423364106E+002	+1.68685648654862E+001	+1.46949753522059E+001
+4.48186108543784E+002	+1.68936718925119E+001	+1.51573345062714E+001
+4.55435175618101E+002	+1.69087532859649E+001	+1.56828019897655E+001
+4.62801490800840E+002	+1.69472600861296E+001	+1.61007532405802E+001
+4.70286950490363E+002	+1.69676817668698E+001	+1.65753422878092E+001
+4.77893481757826E+002	+1.70081985261665E+001	+1.72358725390920E+001
+4.85623042843280E+002	+1.70488183212652E+001	+1.78551654238816E+001
+4.93477623659813E+002	+1.71075708134788E+001	+1.86264016000740E+001
+5.01459246305832E+002	+1.72026702926203E+001	+1.95395324728348E+001
+5.09569965585639E+002	+1.73518338988788E+001	+2.03943118426108E+001
+5.17811869538417E+002	+1.75481338212861E+001	+2.13632255210447E+001
+5.26187079975790E+002	+1.79309641246931E+001	+2.21272000607315E+001
+5.34697753028055E+002	+1.85144214231655E+001	+2.07812879313223E+001
+5.43346079699269E+002	+1.88266596645254E+001	+1.54760819420405E+001
+5.52134286431300E+002	+1.80461976848771E+001	+1.04830490368048E+001
+5.61064635677007E+002	+1.73899053951872E+001	+1.42296614000036E+001
+5.70139426482694E+002	+1.75187315044732E+001	+1.57658320945280E+001
+5.79360995079976E+002	+1.74480426022328E+001	+1.64751731117610E+001
+5.88731715487227E+002	+1.74917509620287E+001	+1.75062137410166E+001
+5.98254000120749E+002	+1.75394715459963E+001	+1.81683876011825E+001
+6.07930300415830E+002	+1.75635229816852E+001	+1.85326478488775E+001
+6.17763107457848E+002	+1.76165126666551E+001	+1.90604415263044E+001
+6.27754952623577E+002	+1.76643974891958E+001	+1.93245545359249E+001
+6.37908408232874E+002	+1.76764169508744E+001	+1.96013296642329E+001
+6.48226088210898E+002	+1.76868045320565E+001	+2.00926624492633E+001
+6.58710648761046E+002	+1.77300344402936E+001	+2.06306714647501E+001
+6.69364789048773E+002	+1.77775704083649E+001	+2.10602345307989E+001
+6.80191251896463E+002	+1.78205399157174E+001	+2.15175811702456E+001
+6.91192824489558E+002	+1.78717752435796E+001	+2.21827642421177E+001
+7.02372339094084E+002	+1.79412148542599E+001	+2.27976762163383E+001
+7.13732673785806E+002	+1.80429099516557E+001	+2.36876443577871E+001
+7.25276753191156E+002	+1.82702310123633E+001	+2.45396303135439E+001
+7.37007549240163E+002	+1.86781881140634E+001	+2.33820655689308E+001
+7.48928081931547E+002	+1.85277976319466E+001	+2.04589405335064E+001
+7.61041420110189E+002	+1.83168596757544E+001	+2.20836135276496E+001
+7.73350682257196E+002	+1.83708638653287E+001	+2.20264505997252E+001
+7.85859037292710E+002	+1.83852698058245E+001	+2.23062731466358E+001
+7.98569705391733E+002	+1.84225679648309E+001	+2.26486991275070E+001
+8.11485958813132E+002	+1.83878066742577E+001	+2.31040828376432E+001
+8.24611122742053E+002	+1.83709286527168E+001	+2.42576110137822E+001
+8.37948576145968E+002	+1.85395848456875E+001	+2.58177833666440E+001
+8.51501752644558E+002	+1.89908465036320E+001	+2.71373453507443E+001
+8.65274141393675E+002	+1.96263846740845E+001	+2.49804093549743E+001
+8.79269287983591E+002	+1.97089431787109E+001	+1.87381071348612E+001
+8.93490795351790E+002	+1.87588373451089E+001	+1.57604976511907E+001
+9.07942324710507E+002	+1.82922872162705E+001	+1.95436682713384E+001
+9.22627596489282E+002	+1.83544980490451E+001	+2.15707638988806E+001
+9.37550391292757E+002	+1.84042526424273E+001	+2.26036411641770E+001
+9.52714550873953E+002	+1.84503917900018E+001	+2.33160502459227E+001
+9.68123979123307E+002	+1.84635239366758E+001	+2.39044489097301E+001
+9.83782643073695E+002	+1.84948587077206E+001	+2.46127199211502E+001
+9.99694573921710E+002	+1.85230882337826E+001	+2.52436107826280E+001
+1.01586386806546E+003	+1.86074712138558E+001	+2.67040863172765E+001
+1.03229468815917E+003	+1.88817903480464E+001	+2.70493168268437E+001
+1.04899126418479E+003	+1.89159086096931E+001	+2.45172676898392E+001
+1.06595789454099E+003	+1.86748221939714E+001	+2.65408731772123E+001
+1.08319894714976E+003	+1.87741007959483E+001	+2.73266760003958E+001
+1.10071886058088E+003	+1.88558761158142E+001	+2.73810524770217E+001
+1.11852214519460E+003	+1.87897443660781E+001	+2.83521347000730E+001
+1.13661338430276E+003	+1.88935859122469E+001	+2.92031865018806E+001
+1.15499723534881E+003	+1.89904599004288E+001	+2.99171830149114E+001
+1.17367843110675E+003	+1.90927342350055E+001	+3.05774301007242E+001
+1.19266178089957E+003	+1.92113939468527E+001	+3.14029373621743E+001
+1.21195217183740E+003	+1.93960592227994E+001	+3.20861959623019E+001
+1.23155457007562E+003	+1.96228505389996E+001	+3.24472745152248E+001
+1.25147402209337E+003	+1.98626580398402E+001	+3.23039161190010E+001
+1.27171565599272E+003	+2.01467951136802E+001	+3.21810393262572E+001
+1.29228468281889E+003	+2.04383727534368E+001	+2.93709863421715E+001
+1.31318639790172E+003	+2.02345682423592E+001	+2.60524536829749E+001
+1.33442618221900E+003	+1.98279428303767E+001	+2.64888792423617E+001
+1.35600950378168E+003	+1.95844629327107E+001	+2.72480820371372E+001
+1.37794191904164E+003	+1.95317822904422E+001	+2.96057671691937E+001
+1.40022907432206E+003	+1.97176649542768E+001	+3.04424293776376E+001
+1.42287670727113E+003	+1.97671892230753E+001	+3.09356819589654E+001
+1.44589064833906E+003	+1.98556663033188E+001	+3.14641257510657E+001
+1.46927682227915E+003	+1.99595234702651E+001	+3.19212238404166E+001
+1.49304124967304E+003	+2.00620066630297E+001	+3.21251053524548E+001
+1.51719004848068E+003	+2.01700454235435E+001	+3.19875736772285E+001
+1.54172943561531E+003	+2.01642961302503E+001	+3.25125827970238E+001
+1.56666572854402E+003	+2.01637563873158E+001	+3.13411878915065E+001
+1.59200534691405E+003	+2.01118483572367E+001	+3.35274597195869E+001
+1.61775481420554E+003	+2.02780561043596E+001	+3.29969839618839E+001
+1.64392075941093E+003	+2.02487228391105E+001	+3.43499416143423E+001
+1.67050991874153E+003	+2.03622980274196E+001	+3.52700805975564E+001
+1.69752913736171E+003	+2.05585567640475E+001	+3.56085638980452E+001
+1.72498537115111E+003	+2.07122471546843E+001	+3.58447552248720E+001
+1.75288568849544E+003	+2.08568221504970E+001	+3.55249641920998E+001
+1.78123727210609E+003	+2.09341650744247E+001	+3.56914760842517E+001
+1.81004742086934E+003	+2.10421625619861E+001	+3.50809538976054E+001
+1.83932355172536E+003	+2.08326631348560E+001	+3.56988643714055E+001
+1.86907320157763E+003	+2.12589355898187E+001	+3.78170775495661E+001
+1.89930402923328E+003	+2.16082896223603E+001	+3.65998904811071E+001
+1.93002381737478E+003	+2.16663058126097E+001	+3.42616765007696E+001
+1.96124047456355E+003	+2.13963037194938E+001	+3.38715854360039E+001
+1.99296203727590E+003	+2.13391890054576E+001	+3.51736292139720E+001
+2.02519667197201E+003	+2.15297300257042E+001	+3.65410687668571E+001
+2.05795267719829E+003	+2.18470917261512E+001	+3.54285365986004E+001
+2.09123848572380E+003	+2.16466801522787E+001	+3.48584079908834E+001
+2.12506266671116E+003	+2.16232331064399E+001	+3.64557721789770E+001
+2.15943392792264E+003	+2.19115373513697E+001	+3.81135626336765E+001
+2.19436111796190E+003	+2.24140730558662E+001	+3.74742062119833E+001
+2.22985322855199E+003	+2.26140061035855E+001	+3.44589850112529E+001
+2.26591939685019E+003	+2.24263641301566E+001	+3.26211327556211E+001
+2.30256890780030E+003	+2.22361921429630E+001	+3.18271990326417E+001
+2.33981119652298E+003	+2.19318384843581E+001	+3.26016964422080E+001
+2.37765585074473E+003	+2.19588991874318E+001	+3.49512053249913E+001
+2.41611261326620E+003	+2.21602742265679E+001	+3.52742479117492E+001
+2.45519138447036E+003	+2.20741300067817E+001	+3.49332305618149E+001
+2.49490222487133E+003	+2.23676706040833E+001	+3.73181119523926E+001
+2.53525535770429E+003	+2.27747405597301E+001	+3.65327840171767E+001
+2.57626117155745E+003	+2.27284426896469E+001	+3.58203911336916E+001
+2.61793022304647E+003	+2.31287758782157E+001	+3.32636092166892E+001
+2.66027323953220E+003	+2.29232714947554E+001	+3.21789100420957E+001
+2.70330112188232E+003	+2.25688188008509E+001	+3.12131349575594E+001
+2.74702494727769E+003	+2.25718157828109E+001	+3.21349516592233E+001
+2.79145597206411E+003	+2.22867226391338E+001	+3.23040849149453E+001
+2.83660563465014E+003	+2.24047657729142E+001	+3.51910327634010E+001
+2.88248555845182E+003	+2.27845496838274E+001	+3.50831660639365E+001
+2.92910755488509E+003	+2.26756498189429E+001	+3.59847708096609E+001
+2.97648362640644E+003	+2.30125998604328E+001	+3.59109772776429E+001
+3.02462596960296E+003	+2.32181920435266E+001	+3.19009825645492E+001
+3.07354697833215E+003	+2.28261250640097E+001	+3.20915091164885E+001
+3.12325924691268E+003	+2.25491607685202E+001	+3.37520262263440E+001
+3.17377557336669E+003	+2.25428436003717E+001	+3.38374298588387E+001
+3.22510896271451E+003	+2.26646038457155E+001	+3.68437223899412E+001
+3.27727263032273E+003	+2.29076038005240E+001	+3.71813515641145E+001
+3.33028000530635E+003	+2.30215291588691E+001	+3.61643637888153E+001
+3.38414473398605E+003	+2.29268701755333E+001	+3.54927174428226E+001
+3.43888068340128E+003	+2.30170418771381E+001	+3.77967912107204E+001
+3.49450194488023E+003	+2.33912884713315E+001	+3.68690168009681E+001
+3.55102283766755E+003	+2.30643553816648E+001	+3.63457619571454E+001
+3.60845791261068E+003	+2.33789665619317E+001	+3.75405842514056E+001
+3.66682195590589E+003	+2.33732393846903E+001	+3.72174912102128E+001
+3.72612999290486E+003	+2.33000410256651E+001	+3.79191873596931E+001
+3.78639729198281E+003	+2.35302037133775E+001	+3.74052283964468E+001
+3.84763936846924E+003	+2.35653225430721E+001	+3.78617857120929E+001
+3.90987198864223E+003	+2.35271407638267E+001	+3.74731080284428E+001
+3.97311117378733E+003	+2.35608068360555E+001	+3.72526133828013E+001
+4.03737320432210E+003	+2.36986949515046E+001	+3.76006158398038E+001
+4.10267462398741E+003	+2.36983600419645E+001	+3.78408957879000E+001
+4.16903224410645E+003	+2.38154128643813E+001	+3.73895553020254E+001
+4.23646314791271E+003	+2.37505338790714E+001	+3.67869083320583E+001
+4.30498469494787E+003	+2.36017628303262E+001	+3.79367222000645E+001
+4.37461452553093E+003	+2.36350343749079E+001	+3.85740084497915E+001
+4.44537056529952E+003	+2.37173766526627E+001	+3.92388280280478E+001
+4.51727102982474E+003	+2.37631801129788E+001	+3.99434456937242E+001
+4.59033442930060E+003	+2.38477225432879E+001	+4.04709194389627E+001
+4.66457957330934E+003	+2.39369165306501E+001	+4.09530405074711E+001
+4.74002557566374E+003	+2.40311904903374E+001	+4.13914307294258E+001
+4.81669185932792E+003	+2.41281921493409E+001	+4.17021371245360E+001
+4.89459816141754E+003	+2.42174699435443E+001	+4.19479609291314E+001
+4.97376453828100E+003	+2.43007874539810E+001	+4.22381515431604E+001
+5.05421137066276E+003	+2.43948824612664E+001	+4.25053623901245E+001
+5.13595936895024E+003	+2.44851871575490E+001	+4.27160560112953E+001
+5.21902957850549E+003	+2.45691958596464E+001	+4.29088649672654E+001
+5.30344338508320E+003	+2.46482542772363E+001	+4.31583554589614E+001
+5.38922252033623E+003	+2.47368398279285E+001	+4.33958762365921E+001
+5.47638906741032E+003	+2.48303747688733E+001	+4.36110034178301E+001
+5.56496546662916E+003	+2.49238401109384E+001	+4.37811168299175E+001
+5.65497452127149E+003	+2.50184059171621E+001	+4.39656043458591E+001
+5.74643940344163E+003	+2.51144933196681E+001	+4.40013396829009E+001
+5.83938366003493E+003	+2.51896538602650E+001	+4.41178690878929E+001
+5.93383121879974E+003	+2.52770426953870E+001	+4.42016866738148E+001
+6.02980639449743E+003	+2.53602637817235E+001	+4.42939838588343E+001
+6.12733389516200E+003	+2.54370594324527E+001	+4.43305196048386E+001
+6.22643882846098E+003	+2.54962800098840E+001	+4.44222194313733E+001
+6.32714670815921E+003	+2.55729672853688E+001	+4.46350301362981E+001
+6.42948346068711E+003	+2.56519680940260E+001	+4.48332983982211E+001
+6.53347543181528E+003	+2.57407238280620E+001	+4.49652339707943E+001
+6.63914939343696E+003	+2.58259808056047E+001	+4.50495175894218E+001
+6.74653255046029E+003	+2.59047653999596E+001	+4.51905356052209E+001
+6.85565254781195E+003	+2.59820603871986E+001	+4.52220587097379E+001
+6.96653747755414E+003	+2.60562228141808E+001	+4.53099200131797E+001
+7.07921588611663E+003	+2.61266030749751E+001	+4.54429093584503E+001
+7.19371678164587E+003	+2.62094719816188E+001	+4.55848746496255E+001
+7.31006964147283E+003	+2.62807759226470E+001	+4.56780932133931E+001
+7.42830441970176E+003	+2.63563909689638E+001	+4.58455763661328E+001
+7.54845155492159E+003	+2.64374755482359E+001	+4.59966261462687E+001
+7.67054197804213E+003	+2.65204830726770E+001	+4.61320222024651E+001
+7.79460712025695E+003	+2.66037309623978E+001	+4.62404622998824E+001
+7.92067892113511E+003	+2.66853000032896E+001	+4.63458192960761E+001
+8.04878983684374E+003	+2.67663841794941E+001	+4.64626916788347E+001
+8.17897284850364E+003	+2.68497333193739E+001	+4.65258810366909E+001
+8.31126147067994E+003	+2.69216657256799E+001	+4.66298275301923E+001
+8.44568976001024E+003	+2.70039433282810E+001	+4.67753354857569E+001
+8.58229232397213E+003	+2.70890783536406E+001	+4.68807675692416E+001
+8.72110432979268E+003	+2.71738144547170E+001	+4.69784701649277E+001
+8.86216151350190E+003	+2.72566041592106E+001	+4.70373043295868E+001
+9.00550018913273E+003	+2.73331845269011E+001	+4.71243923979880E+001
+9.15115725806979E+003	+2.74168859267411E+001	+4.72130738106532E+001
+9.29917021854932E+003	+2.74949295946897E+001	+4.72774280385054E+001
+9.44957717531284E+003	+2.75749327495006E+001	+4.73497557705294E+001
+9.60241684941685E+003	+2.76493561248062E+001	+4.74308399392316E+001
+9.75772858820129E+003	+2.77278055587844E+001	+4.75458584395726E+001
+9.91555237541923E+003	+2.78109166885879E+001	+4.76483508764028E+001
+1.00759288415303E+004	+2.78915583105031E+001	+4.77425219728711E+001
+1.02388992741606E+004	+2.79751609049637E+001	+4.78377777622720E+001
+1.04045056287322E+004	+2.80598979340240E+001	+4.79188811542223E+001
+1.05727905392638E+004	+2.81440401789785E+001	+4.79861997506138E+001
+1.07437973293467E+004	+2.82279579320263E+001	+4.80403622838162E+001
+1.09175700232982E+004	+2.83073257492348E+001	+4.80818074330953E+001
+1.10941533574952E+004	+2.83577662612528E+001	+4.81731682527956E+001
+1.12735927918912E+004	+2.84552615901449E+001	+4.81850928988677E+001
+1.14559345217196E+004	+2.85323363424921E+001	+4.83307081063400E+001
+1.16412254893865E+004	+2.86424194033486E+001	+4.83513918443663E+001
+1.18295133965552E+004	+2.87249579189201E+001	+4.83845425929273E+001
+1.20208467164272E+004	+2.87987720916200E+001	+4.83413158634168E+001
+1.22152747062205E+004	+2.88822178414525E+001	+4.83575096353376E+001
+1.24128474198512E+004	+2.89493586479855E+001	+4.81963044064354E+001
+1.26136157208191E+004	+2.89865589167183E+001	+4.83155363421078E+001
+1.28176312953022E+004	+2.90543959723217E+001	+4.85583320626725E+001
+1.30249466654626E+004	+2.91378576999325E+001	+4.87495008737360E+001
+1.32356152029684E+004	+2.92270124228748E+001	+4.88526710981259E+001
+1.34496911427335E+004	+2.93137322777313E+001	+4.89468049954128E+001
+1.36672295968799E+004	+2.93993554913273E+001	+4.89934495467805E+001
+1.38882865689261E+004	+2.94771013635755E+001	+4.90537365162778E+001
+1.41129189682046E+004	+2.95597253732663E+001	+4.91365084434319E+001
+1.43411846245127E+004	+2.96409702864652E+001	+4.92017914966039E+001
+1.45731423030004E+004	+2.97204036243179E+001	+4.93105745758884E+001
+1.48088517192990E+004	+2.98109458713085E+001	+4.93974267078754E+001
+1.50483735548945E+004	+2.98953021925346E+001	+4.94783354526848E+001
+1.52917694727493E+004	+2.99906483709370E+001	+4.94853299994229E+001
+1.55391021331772E+004	+3.00727649821841E+001	+4.94873692993996E+001
+1.57904352099744E+004	+3.01536817447147E+001	+4.94984570010631E+001
+1.60458334068120E+004	+3.02279309640153E+001	+4.95267884601018E+001
+1.63053624738936E+004	+3.02985698938183E+001	+4.96023868622429E+001
+1.65690892248818E+004	+3.03819464479016E+001	+4.97610645358597E+001
+1.68370815540991E+004	+3.04754507496740E+001	+4.98476909911446E+001
+1.71094084540068E+004	+3.05641411484388E+001	+4.98944719075812E+001
+1.73861400329661E+004	+3.06497881292661E+001	+4.99312906942400E+001
+1.76673475332877E+004	+3.07425295942892E+001	+4.99934096955026E+001
+1.79531033495717E+004	+3.08415010818082E+001	+5.00370071441789E+001
+1.82434810473456E+004	+3.09429555263683E+001	+5.00338124993094E+001
+1.85385553820029E+004	+3.10474540392605E+001	+4.99494231644598E+001
+1.88384023180486E+004	+3.11572071658839E+001	+4.98122985461702E+001
+1.91430990486550E+004	+3.12666080242999E+001	+4.93879601032394E+001
+1.94527240155351E+004	+3.12939744931066E+001	+4.86897832065041E+001
+1.97673569291364E+004	+3.12630541703151E+001	+4.85754410333609E+001
+2.00870787891620E+004	+3.12529187456095E+001	+4.89219021330030E+001
+2.04119719054231E+004	+3.12951951603415E+001	+4.93809234994619E+001
+2.07421199190290E+004	+3.13844711960210E+001	+4.96763593100456E+001
+2.10776078239199E+004	+3.14613624715054E+001	+4.98890323463654E+001
+2.14185219887480E+004	+3.15473459224301E+001	+5.00622576178229E+001
+2.17649501791121E+004	+3.16309044763677E+001	+5.01813956437948E+001
+2.21169815801526E+004	+3.17113272230065E+001	+5.03136629777893E+001
+2.24747068195110E+004	+3.17951748128446E+001	+5.04606271656156E+001
+2.28382179906617E+004	+3.18793112385436E+001	+5.05779999814854E+001
+2.32076086766204E+004	+3.19682078145095E+001	+5.06760439789958E+001
+2.35829739740366E+004	+3.20523704323255E+001	+5.07701424300790E+001
+2.39644105176749E+004	+3.21398734269173E+001	+5.08476928610025E+001
+2.43520165052936E+004	+3.22270797883993E+001	+5.09167648954651E+001
+2.47458917229243E+004	+3.23146735641434E+001	+5.09828012402954E+001
+2.51461375705613E+004	+3.23986783597578E+001	+5.09200425336965E+001
+2.55528570882663E+004	+3.24680663946509E+001	+5.10624105412219E+001
+2.59661549826949E+004	+3.25540766224733E+001	+5.11594430649722E+001
+2.63861376540527E+004	+3.26417585608901E+001	+5.12446687701732E+001
+2.68129132234871E+004	+3.27264947863486E+001	+5.12378402799529E+001
+2.72465915609224E+004	+3.28043157456647E+001	+5.12972676594229E+001
+2.76872843133448E+004	+3.28833472910824E+001	+5.13793774220168E+001
+2.81351049335449E+004	+3.29680667006386E+001	+5.14491421840599E+001
+2.85901687093251E+004	+3.30511894800595E+001	+5.15279234543806E+001
+2.90525927931802E+004	+3.31356808507799E+001	+5.15708534857721E+001
+2.95224962324564E+004	+3.32168844476456E+001	+5.16145610267016E+001
+3.00000000000000E+004	+3.33036845451424E+001	+5.16838571194780E+001
